 <pre>

 Contingency table for Cloud cover (octas)
 Selection: Norway     39 stations
Period: 20230101-20230131
Used {00,06,12,18} + 03 06 ... 48
 Limits   0.50000000000000000        1.5000000000000000        2.5000000000000000        3.5000000000000000        4.5000000000000000        5.5000000000000000        6.5000000000000000        7.5000000000000000     
 Each class is data <= limit, the very last > last limit
 Total number of values       41616
                                                       OBSERVATION
                                   2410      855      456      322      307      225      255      310      649 |      5789
                                    177       56       81       86       96       76      115      173      237 |      1097
                                    114       32       68       57       60       71       87      163      173 |       825
                                     65       30       40       50       61       72       83      129      135 |       665
              43h22_ref_winter       77       35       40       45       55       63       81      136      191 |       723
                                     79       25       46       45       61       72       79      138      204 |       749
                                     84       47       38       72       71       78      112      211      259 |       972
                                    144       58       95      105      100      133      203      391      487 |      1716
                                   1020      361      527      632      794     1078     2073     5137    17458 |     29080

                    SUM            4170     1499     1391     1414     1605     1868     3088     6788    19793 |     41616
                                                       OBSERVATION
                                   2504      882      517      420      367      344      397      566      894 |      6891
                                    151       57       81       65      108      106      134      246      295 |      1243
                                     97       36       46       63       70       64      100      153      193 |       822
                                     70       34       37       40       55       62       78      127      206 |       709
               val_46h1_rc1_v1       81       29       32       39       48       57       84      153      187 |       710
                                     73       18       36       43       38       64       89      156      225 |       742
                                     71       28       52       50       64       78       97      181      271 |       892
                                    147       47       63       84       97      123      161      308      502 |      1532
                                    976      368      527      610      758      970     1948     4898    17020 |     28075

                    SUM            4170     1499     1391     1414     1605     1868     3088     6788    19793 |     41616
                                                       OBSERVATION
                                   2390      844      430      311      282      213      232      324      582 |      5608
                                    182       64       92       86       99       87      126      160      232 |      1128
                                    116       41       62       63       56       73       78      129      169 |       787
                                     92       44       30       33       65       79       70      140      154 |       707
               val_46h1_rc1_v2       79       28       26       46       46       55       87      137      170 |       674
                                     76       31       58       68       61       60       98      161      180 |       793
                                     85       32       54       52       74       95      120      191      274 |       977
                                    137       50       75       97      131      142      224      363      554 |      1773
                                   1013      365      564      658      791     1064     2053     5183    17478 |     29169

                    SUM            4170     1499     1391     1414     1605     1868     3088     6788    19793 |     41616

