 <pre>

 Contingency table for Visibility (m)
 Selection: Finland     69 stations
Period: 20230101-20230131
Used {00,06,12,18} + 03 06 ... 48
 Limits    1000.0000000000000        5000.0000000000000        10000.000000000000        20000.000000000000     
 Each class is data <= limit, the very last > last limit
 Total number of values      131018
                                     OBSERVATION
                                    822     1954      921      823      639 |      5159
                                   1554    12367     7181     8390     7519 |     37011
              43h22_ref_winter      223     2137     2162     5371     8296 |     18189
                                    115      656      991     4175    10434 |     16371
                                    509     2334     2919    14824    33702 |     54288

                    SUM            3223    19448    14174    33583    60590 |    131018
                                     OBSERVATION
                                    861     2009      989      809      596 |      5264
                                   1587    12796     7498     9124     8199 |     39204
               val_46h1_rc1_v1      313     2367     2504     6678    12642 |     24504
                                    264     1205     1809     8282    22523 |     34083
                                    198     1071     1374     8690    16630 |     27963

                    SUM            3223    19448    14174    33583    60590 |    131018
                                     OBSERVATION
                                    866     2083     1037      842      610 |      5438
                                   1558    12441     7379     8870     7975 |     38223
               val_46h1_rc1_v2      313     2489     2411     6516    12333 |     24062
                                    261     1314     1901     8584    23013 |     35073
                                    225     1121     1446     8771    16659 |     28222

                    SUM            3223    19448    14174    33583    60590 |    131018

