 <pre>

 Contingency table for clouds <7500m (octas)
 Selection: Finland     69 stations
Period: 20230101-20230131
Used {00,06,12,18} + 03 06 ... 48
 Limits    1.0000000000000000        2.0000000000000000        3.0000000000000000        4.0000000000000000        5.0000000000000000        6.0000000000000000        7.0000000000000000     
 Each class is data <= limit, the very last > last limit
 Total number of values       97660
                                              OBSERVATION
                                   8587      314      612      251      598      357     3142     5449 |     19310
                                    495       39       61       34       95       49      477      681 |      1931
                                    411       29       62       40       85       33      472      580 |      1712
              43h22_ref_winter      386       38       65       31       86       48      501      649 |      1804
                                    349       31       64       45       85       40      615      805 |      2034
                                    428       52       85       43      122       73      824     1149 |      2776
                                    651       64      141       88      181      139     1936     3042 |      6242
                                   1066      173      321      199      624      338    11134    47996 |     61851

                    SUM           12373      740     1411      731     1876     1077    19101    60351 |     97660
                                              OBSERVATION
                                   9044      356      650      287      675      386     3673     6110 |     21181
                                    385       31       64       34       75       36      445      607 |      1677
                                    314       28       43       24       72       34      394      517 |      1426
               val_46h1_rc1_v1      230       18       41       23       60       38      414      518 |      1342
                                    272       32       51       32       72       32      546      675 |      1712
                                    305       36       57       36       84       51      737      994 |      2300
                                    548       45      122       58      180      111     1567     2307 |      4938
                                   1275      194      383      237      658      389    11325    48623 |     63084

                    SUM           12373      740     1411      731     1876     1077    19101    60351 |     97660
                                              OBSERVATION
                                   8439      314      576      246      577      341     3148     5262 |     18903
                                    553       32       70       42       94       46      488      699 |      2024
                                    391       29       58       24       74       33      436      598 |      1643
               val_46h1_rc1_v2      380       28       53       23       74       44      473      647 |      1722
                                    392       31       60       43      102       48      573      785 |      2034
                                    444       52       83       42      108       80      842     1106 |      2757
                                    642       66      160      100      197      128     1844     2821 |      5958
                                   1132      188      351      211      650      357    11297    48433 |     62619

                    SUM           12373      740     1411      731     1876     1077    19101    60351 |     97660

