 <pre>

 Contingency table for Visibility (m)
 Selection: Norway     37 stations
Period: 20230101-20230131
Used {00,06,12,18} + 03 06 ... 48
 Limits    1000.0000000000000        5000.0000000000000        10000.000000000000        20000.000000000000     
 Each class is data <= limit, the very last > last limit
 Total number of values       43636
                                     OBSERVATION
                                    305      690      255      255      139 |      1644
                                    968     2779     1760     1608     1728 |      8843
              43h22_ref_winter      220      705      683      879     1531 |      4018
                                    100      514      666     1111     3459 |      5850
                                    454     1351     2262     3713    15501 |     23281

                    SUM            2047     6039     5626     7566    22358 |     43636
                                     OBSERVATION
                                    296      652      252      267      137 |      1604
                                    963     2850     1792     1638     1877 |      9120
               val_46h1_rc1_v1      240      824      852     1139     2312 |      5367
                                    203      831     1136     2002     7337 |     11509
                                    345      882     1594     2520    10695 |     16036

                    SUM            2047     6039     5626     7566    22358 |     43636

