 <pre>

 Contingency table for Cloud cover (octas)
 Selection: Norway     36 stations
Period: 20230101-20230131
Used {00,06,12,18} + 03 06 ... 48
 Limits   0.50000000000000000        1.5000000000000000        2.5000000000000000        3.5000000000000000        4.5000000000000000        5.5000000000000000        6.5000000000000000        7.5000000000000000     
 Each class is data <= limit, the very last > last limit
 Total number of values       43805
                                                       OBSERVATION
                                   2527      913      531      338      320      240      268      316      665 |      6118
                                    179       59       94       90       95       81      117      189      244 |      1148
                                    112       36       61       61       60       72       94      174      182 |       852
                                     65       28       44       54       61       76       87      139      151 |       705
              43h22_ref_winter       79       32       43       49       57       65       86      146      198 |       755
                                     83       27       45       51       66       77       86      150      209 |       794
                                     88       49       48       80       74       83      116      220      261 |      1019
                                    150       61      101      117       95      146      213      412      492 |      1787
                                   1055      362      551      666      877     1147     2281     5622    18066 |     30627

                    SUM            4338     1567     1518     1506     1705     1987     3348     7368    20468 |     43805
                                                       OBSERVATION
                                   2615      947      584      428      374      366      414      583      913 |      7224
                                    161       58       83       73      108      111      148      257      301 |      1300
                                    102       38       58       69       72       63      104      168      203 |       877
                                     74       34       40       51       58       67       80      140      214 |       758
               val_46h1_rc1_v1       84       29       37       46       52       59       89      161      194 |       751
                                     75       18       39       48       38       67       94      162      230 |       771
                                     74       29       54       54       63       79      103      192      276 |       924
                                    153       46       68       97      109      129      169      338      508 |      1617
                                   1000      368      555      640      831     1046     2147     5367    17629 |     29583

                    SUM            4338     1567     1518     1506     1705     1987     3348     7368    20468 |     43805

