 <pre>

 Contingency table for Cloud base (m)
 Selection: METCOOP    223 stations
Period: 20230101-20230131
Used {00,06,12,18} + 03 06 ... 48
 Limits    70.000000000000000        150.00000000000000        300.00000000000000        600.00000000000000        1000.0000000000000        1500.0000000000000        2500.0000000000000        5000.0000000000000     
 Each class is data <= limit, the very last > last limit
 Total number of values      241347
                                                       OBSERVATION
                                   5244    10755     4091      836      421      333       50       60        7 |     21797
                                   1905     8173     6616     1249      516      295       68       88       29 |     18939
                                   1608     9881    17804     5831     1496      689      187      129       43 |     37668
                                    700     4484    20089    20637     5708     1692      457      401       47 |     54215
              43h22_ref_winter      435     1412     4917     7216     7312     3145      754      445       83 |     25719
                                    142      508     1850     2525     2102     2217      878      324       49 |     10595
                                    103      366     1313     1699     1128     1071     1979     1065       72 |      8796
                                    227      532     1395     1895     1627     1041     1570     3699      295 |     12281
                                   2464     5332     8266     8708     7232     7816     4824     5115     1580 |     51337

                    SUM           12828    41443    66341    50596    27542    18299    10767    11326     2205 |    241347
                                                       OBSERVATION
                                   5541    11289     4414      837      431      359       61       70        9 |     23011
                                   1932     8665     7294     1519      602      312       85       85       36 |     20530
                                   1535     9205    17057     5600     1463      745      189      162       54 |     36010
                                    650     4259    18352    17872     4522     1404      403      257       39 |     47758
               val_46h1_rc1_v1      352     1174     4388     6455     5768     2175      451      263       57 |     21083
                                    161      513     2162     2706     2173     1888      616      189       24 |     10432
                                    108      424     1553     2085     1314     1122     1535      812       46 |      8999
                                    246      627     1702     2628     2277     1340     1814     3689      276 |     14599
                                   2303     5287     9419    10894     8992     8954     5613     5799     1664 |     58925

                    SUM           12828    41443    66341    50596    27542    18299    10767    11326     2205 |    241347
                                                       OBSERVATION
                                   5594    11490     4542      885      418      301       47       63        5 |     23345
                                   1958     8594     7245     1481      580      280       66       87       28 |     20319
                                   1438     9496    18049     6086     1564      758      192      171       57 |     37811
                                    681     4252    19437    20693     5878     1837      506      348       51 |     53683
               val_46h1_rc1_v2      423     1371     4657     6932     7127     3232      803      493       85 |     25123
                                    152      512     1903     2473     2086     2191      981      318       49 |     10665
                                    128      369     1297     1737     1172     1077     1961     1180       78 |      8999
                                    229      511     1253     1820     1558      983     1528     3697      285 |     11864
                                   2225     4848     7958     8489     7159     7640     4683     4969     1567 |     49538

                    SUM           12828    41443    66341    50596    27542    18299    10767    11326     2205 |    241347

