 <pre>

 Contingency table for Cloud cover (octas)
 Selection: ALL    404 stations
Period: 20230101-20230131
Used {00,06,12,18} + 03 06 ... 48
 Limits   0.50000000000000000        1.5000000000000000        2.5000000000000000        3.5000000000000000        4.5000000000000000        5.5000000000000000        6.5000000000000000        7.5000000000000000     
 Each class is data <= limit, the very last > last limit
 Total number of values      676216
                                                       OBSERVATION
                                  20513     3777     3667     2394     1288     1920     2578     2429    11108 |     49674
                                   4040     1077     1206      945      683      830     1220     1679     5459 |     17139
                                   2181      646      747      592      440      630      877     1339     4173 |     11625
                                   1597      535      587      524      370      523      849     1270     3701 |      9956
              43h22_ref_winter     1367      528      577      481      411      557      840     1393     4127 |     10281
                                   1353      539      584      506      406      623      889     1610     4916 |     11426
                                   1504      678      673      667      488      695     1213     2124     6682 |     14724
                                   2313     1042     1076     1056      805     1223     2026     4165    13320 |     27026
                                   9160     4981     5103     5847     5028     9177    15926    71011   398132 |    524365

                    SUM           44028    13803    14220    13012     9919    16178    26418    87020   451618 |    676216
                                                       OBSERVATION
                                  24115     5584     4991     3731     2427     3249     4380     6038    18857 |     73372
                                   3075      867     1054      819      606      858     1355     2242     6972 |     17848
                                   1735      463      642      516      377      562      893     1389     4540 |     11117
                                   1177      363      482      390      295      461      772     1172     3904 |      9016
               val_46h1_rc1_v1     1011      389      473      397      303      471      759     1189     3774 |      8766
                                   1023      385      495      416      287      469      765     1352     4259 |      9451
                                   1226      464      538      486      369      594      947     1844     5905 |     12373
                                   1904      730      841      788      629      984     1555     3202    10909 |     21542
                                   8762     4558     4704     5469     4626     8530    14992    68592   392498 |    512731

                    SUM           44028    13803    14220    13012     9919    16178    26418    87020   451618 |    676216
                                                       OBSERVATION
                                  20255     3773     3552     2317     1313     1875     2472     2497    10501 |     48555
                                   4019     1087     1177      987      708      912     1226     1674     5307 |     17097
                                   2226      669      758      625      442      595      932     1372     3914 |     11533
                                   1569      573      591      480      369      573      837     1253     3686 |      9931
               val_46h1_rc1_v2     1360      515      571      493      366      518      833     1404     3927 |      9987
                                   1343      530      617      531      413      570      887     1605     4685 |     11181
                                   1579      626      720      591      449      758     1221     2101     6547 |     14592
                                   2307     1069     1117     1069      816     1237     2029     4016    12843 |     26503
                                   9370     4961     5117     5919     5043     9140    15981    71098   400208 |    526837

                    SUM           44028    13803    14220    13012     9919    16178    26418    87020   451618 |    676216

