 <pre>

 Contingency table for Low clouds (octas)
 Selection: METCOOP    228 stations
Period: 20230101-20230131
Used {00,06,12,18} + 03 06 ... 48
 Limits    1.0000000000000000        2.0000000000000000        3.0000000000000000        4.0000000000000000        5.0000000000000000        6.0000000000000000        7.0000000000000000     
 Each class is data <= limit, the very last > last limit
 Total number of values      387397
                                              OBSERVATION
                                  69690     3367     3108     2409     2619     2342     6928    23372 |    113835
                                   3466      583      527      457      511      429     1098     3130 |     10201
                                   2486      476      408      344      413      388      902     2605 |      8022
              43h22_ref_winter     2125      443      377      336      382      373      862     2540 |      7438
                                   1819      427      409      365      377      429      914     2615 |      7355
                                   1920      574      472      445      482      472     1168     3282 |      8815
                                   2473      823      732      795      713      784     1794     5892 |     14006
                                  12259     7408     7276     7172     7846     8875    25210   141679 |    217725

                    SUM           96238    14101    13309    12323    13343    14092    38876   185115 |    387397
                                              OBSERVATION
                                  75124     4676     4294     3463     3784     3412     9353    28620 |    132726
                                   2500      498      439      394      403      402     1032     3035 |      8703
                                   1761      359      323      320      310      341      804     2248 |      6466
               val_46h1_rc1_v1     1398      315      274      301      251      315      703     2065 |      5622
                                   1285      329      310      258      282      315      674     2040 |      5493
                                   1297      379      333      299      308      337      829     2608 |      6390
                                   1559      539      521      477      498      495     1330     4497 |      9916
                                  11314     7006     6815     6811     7507     8475    24151   140002 |    212081

                    SUM           96238    14101    13309    12323    13343    14092    38876   185115 |    387397
                                              OBSERVATION
                                  68458     3220     3005     2347     2578     2224     6883    21855 |    110570
                                   3590      564      538      431      480      439     1098     3089 |     10229
                                   2597      477      384      351      426      387      867     2595 |      8084
               val_46h1_rc1_v2     2225      444      388      326      363      366      880     2467 |      7459
                                   1934      491      398      356      374      392      936     2633 |      7514
                                   2162      542      455      430      431      479     1052     3195 |      8746
                                   2597      825      767      713      749      776     1750     5642 |     13819
                                  12675     7538     7374     7369     7942     9029    25410   143639 |    220976

                    SUM           96238    14101    13309    12323    13343    14092    38876   185115 |    387397

