 <pre>

 Contingency table for Visibility (m)
 Selection: Estonia     22 stations
Period: 20230101-20230131
Used {00,06,12,18} + 03 06 ... 48
 Limits    1000.0000000000000        5000.0000000000000        10000.000000000000        20000.000000000000     
 Each class is data <= limit, the very last > last limit
 Total number of values       42669
                                     OBSERVATION
                                    341     1292      470      405      220 |      2728
                                    355     2667     2671     3951     1912 |     11556
              43h22_ref_winter      111      571      749     3016     1725 |      6172
                                     34      219      360     2472     2139 |      5224
                                    245      663      974     6994     8113 |     16989

                    SUM            1086     5412     5224    16838    14109 |     42669
                                     OBSERVATION
                                    351     1238      474      432      227 |      2722
                                    390     2780     2759     4296     1992 |     12217
               val_46h1_rc1_v1      198      787     1049     5108     3233 |     10375
                                     81      423      645     5041     4342 |     10532
                                     66      184      297     1961     4315 |      6823

                    SUM            1086     5412     5224    16838    14109 |     42669
                                     OBSERVATION
                                    297     1274      492      422      193 |      2678
                                    380     2716     2732     4204     1934 |     11966
               val_46h1_rc1_v2      245      821     1056     5100     3209 |     10431
                                     91      402      634     5138     4379 |     10644
                                     73      199      310     1974     4394 |      6950

                    SUM            1086     5412     5224    16838    14109 |     42669

