 <pre>

 Contingency table for Visibility (m)
 Selection: Norway     40 stations
Period: 20230101-20230131
Used {00,06,12,18} + 03 06 ... 48
 Limits    1000.0000000000000        5000.0000000000000        10000.000000000000        20000.000000000000     
 Each class is data <= limit, the very last > last limit
 Total number of values       41439
                                     OBSERVATION
                                    288      659      252      250      143 |      1592
                                    918     2711     1635     1493     1646 |      8403
              43h22_ref_winter      190      679      634      793     1432 |      3728
                                     96      500      646      926     3207 |      5375
                                    448     1276     2121     3557    14939 |     22341

                    SUM            1940     5825     5288     7019    21367 |     41439
                                     OBSERVATION
                                    281      628      247      261      136 |      1553
                                    914     2769     1669     1518     1779 |      8649
               val_46h1_rc1_v1      204      790      806     1026     2193 |      5019
                                    194      787     1061     1716     6835 |     10593
                                    347      851     1505     2498    10424 |     15625

                    SUM            1940     5825     5288     7019    21367 |     41439
                                     OBSERVATION
                                    277      615      252      254      144 |      1542
                                    900     2704     1646     1485     1682 |      8417
               val_46h1_rc1_v2      222      813      795     1027     2123 |      4980
                                    183      816     1035     1726     6889 |     10649
                                    358      877     1560     2527    10529 |     15851

                    SUM            1940     5825     5288     7019    21367 |     41439

