 <pre>

 Contingency table for clouds <7500m (octas)
 Selection: METCOOP    177 stations
Period: 20230101-20230131
Used {00,06,12,18} + 03 06 ... 48
 Limits    1.0000000000000000        2.0000000000000000        3.0000000000000000        4.0000000000000000        5.0000000000000000        6.0000000000000000        7.0000000000000000     
 Each class is data <= limit, the very last > last limit
 Total number of values      251287
                                              OBSERVATION
                                  30536     1224     1418      958     1330     1090     4549    14777 |     55882
                                   2004      169      222      138      249      208      788     2235 |      6013
                                   1544      157      187      121      217      156      777     1972 |      5131
              43h22_ref_winter     1495      167      202      138      199      209      837     2140 |      5387
                                   1493      166      193      152      246      229     1006     2618 |      6103
                                   2001      226      251      188      343      298     1403     3721 |      8431
                                   3048      342      478      390      601      606     2962     8760 |     17187
                                   7022      884     1238      994     1937     2060    15789   117229 |    147153

                    SUM           49143     3335     4189     3079     5122     4856    28111   153452 |    251287
                                              OBSERVATION
                                  32092     1434     1654     1138     1638     1294     5508    17280 |     62038
                                   1627      166      195      128      207      182      751     2061 |      5317
                                   1318      112      149       93      184      166      671     1618 |      4311
               val_46h1_rc1_v1     1101      121      136      105      150      145      676     1608 |      4042
                                   1225      130      151      122      187      165      817     1866 |      4663
                                   1628      154      204      152      240      237     1133     2703 |      6451
                                   2696      272      376      272      493      456     2390     6311 |     13266
                                   7456      946     1324     1069     2023     2211    16165   120005 |    151199

                    SUM           49143     3335     4189     3079     5122     4856    28111   153452 |    251287
                                              OBSERVATION
                                  29953     1199     1332      929     1288     1023     4465    13747 |     53936
                                   2124      183      201      173      236      216      805     2233 |      6171
                                   1592      133      211      104      217      152      745     1916 |      5070
               val_46h1_rc1_v2     1553      156      205      115      218      185      801     2095 |      5328
                                   1608      152      204      168      252      246      970     2518 |      6118
                                   2008      222      270      194      339      308     1379     3576 |      8296
                                   3171      385      486      380      595      594     2865     8315 |     16791
                                   7134      905     1280     1016     1977     2132    16081   119052 |    149577

                    SUM           49143     3335     4189     3079     5122     4856    28111   153452 |    251287

