 <pre>

 Contingency table for Visibility (m)
 Selection: ALL    701 stations
Period: 20230101-20230131
Used {00,06,12,18} + 03 06 ... 48
 Limits    1000.0000000000000        5000.0000000000000        10000.000000000000        20000.000000000000     
 Each class is data <= limit, the very last > last limit
 Total number of values     1279216
                                     OBSERVATION
                                  12068    18636     7429     4901     6463 |     49497
                                  15961   106877    66239    64263    77256 |    330596
              43h22_ref_winter     2656    27143    34445    49828    83019 |    197091
                                    854     9731    22293    39750    86680 |    159308
                                   4167    32621    67546   136756   301634 |    542724

                    SUM           35706   195008   197952   295498   555052 |   1279216
                                     OBSERVATION
                                  11855    18144     7317     4818     6153 |     48287
                                  16580   110293    69102    67435    82110 |    345520
               val_46h1_rc1_v1     3904    38369    55931    85218   153845 |    337267
                                   1818    18419    44524    81044   185054 |    330859
                                   1549     9783    21078    56983   127890 |    217283

                    SUM           35706   195008   197952   295498   555052 |   1279216
                                     OBSERVATION
                                  11884    18249     7245     4693     6184 |     48255
                                  16326   108746    68247    66048    79619 |    338986
               val_46h1_rc1_v2     4036    38919    55733    84165   151202 |    334055
                                   1852    18993    45193    82771   188840 |    337649
                                   1608    10101    21534    57821   129207 |    220271

                    SUM           35706   195008   197952   295498   555052 |   1279216

