 <pre>

 Contingency table for Cloud base (m)
 Selection: METCOOP    232 stations
Period: 20230101-20230131
Used {00,06,12,18} + 03 06 ... 48
 Limits    70.000000000000000        150.00000000000000        300.00000000000000        600.00000000000000        1000.0000000000000        1500.0000000000000        2500.0000000000000        5000.0000000000000     
 Each class is data <= limit, the very last > last limit
 Total number of values      284783
                                                       OBSERVATION
                                   7519     8915     3551      805      399      324       45       58      650 |     22266
                                   2586     8131     5847     1163      493      271       65       79      369 |     19004
                                   2119    10155    17200     5333     1387      608      171      117      727 |     37817
                                    956     4641    20220    20092     5231     1563      431      368     1246 |     54748
              43h22_ref_winter      640     1368     4680     7354     7020     3072      692      376     1767 |     26969
                                    222      467     1800     2502     2102     2195      815      272      988 |     11363
                                    138      353     1240     1675     1126     1125     1921      967      885 |      9430
                                    262      514     1334     1850     1606     1093     1658     3459     2375 |     14151
                                   3424     4608     7981     8539     7090     7929     4715     4723    40026 |     89035

                    SUM           17866    39152    63853    49313    26454    18180    10513    10419    49033 |    284783
                                                       OBSERVATION
                                   7879     9463     3790      809      405      344       58       68      678 |     23494
                                   2660     8533     6565     1403      559      294       82       74      454 |     20624
                                   2022     9457    16495     5104     1358      672      176      137      761 |     36182
                                    906     4381    18459    17386     4134     1296      364      237     1135 |     48298
               val_46h1_rc1_v1      510     1173     4266     6560     5511     2118      391      229     1182 |     21940
                                    226      488     2098     2721     2133     1835      576      157      660 |     10894
                                    153      401     1474     2042     1337     1116     1509      730      609 |      9371
                                    283      611     1596     2601     2224     1408     1871     3453     2388 |     16435
                                   3227     4645     9110    10687     8793     9097     5486     5334    41166 |     97545

                    SUM           17866    39152    63853    49313    26454    18180    10513    10419    49033 |    284783
                                                       OBSERVATION
                                   7992     9618     3900      851      390      289       42       60      637 |     23779
                                   2675     8498     6500     1354      541      262       67       78      414 |     20389
                                   1894     9799    17527     5584     1441      670      183      142      776 |     38016
                                    954     4371    19533    20233     5410     1713      454      322     1317 |     54307
               val_46h1_rc1_v2      627     1318     4417     7062     6872     3167      711      421     1815 |     26410
                                    234      487     1846     2449     2088     2137      929      266     1016 |     11452
                                    161      362     1208     1713     1174     1136     1915     1073      991 |      9733
                                    265      493     1195     1786     1536     1037     1610     3469     2326 |     13717
                                   3064     4206     7727     8281     7002     7769     4602     4588    39741 |     86980

                    SUM           17866    39152    63853    49313    26454    18180    10513    10419    49033 |    284783

