 <pre>

 Contingency table for Cloud base (m)
 Selection: Denmark     19 stations
Period: 20230101-20230131
Used {00,06,12,18} + 03 06 ... 48
 Limits    70.000000000000000        150.00000000000000        300.00000000000000        600.00000000000000        1000.0000000000000        1500.0000000000000        2500.0000000000000        5000.0000000000000     
 Each class is data <= limit, the very last > last limit
 Total number of values       23695
                                                       OBSERVATION
                                    133      544      378      115       48       97       15       14       71 |      1415
                                     20      511      663      227      121       95       30       12       33 |      1712
                                      5      298     1083      992      237      137       32       32       58 |      2874
                                      7      108      736     2826     1292      252      108      100      219 |      5648
              43h22_ref_winter       25       92      245      943     1673      815      182      154      460 |      4589
                                      8       35       97      252      319      434      109       91      336 |      1681
                                      0       11       34       86      109      106       75       43       39 |       503
                                      2       13       16       94       79       74       46      154       79 |       557
                                     50      111      369     1087      461      389      118      234     1897 |      4716

                    SUM             250     1723     3621     6622     4339     2399      715      834     3192 |     23695
                                                       OBSERVATION
                                     87      515      393      115       55       67       24       10       50 |      1316
                                     19      510      666      237       96       89       23       23       32 |      1695
                                     13      311     1061      987      241      130       30       33       59 |      2865
                                     13      101      657     2393      987      240       91       73      161 |      4716
               val_46h1_rc1_v1       35       97      246      953     1646      642      144      124      401 |      4288
                                      8       31       95      268      392      461      110       68      293 |      1726
                                      1        8       43      100      122      135       61       36       48 |       554
                                      4       14       23       91      110       92       54      176       89 |       653
                                     70      136      437     1478      690      543      178      291     2059 |      5882

                    SUM             250     1723     3621     6622     4339     2399      715      834     3192 |     23695
                                                       OBSERVATION
                                    105      505      340      116       50       75       14       22       61 |      1288
                                     24      525      665      204       97       94       34       15       27 |      1685
                                     11      302     1088     1024      232      138       32       32       60 |      2919
                                     12      119      693     2698     1315      284      101       94      203 |      5519
               val_46h1_rc1_v2       31       98      273      976     1657      755      188      161      503 |      4642
                                     11       39      106      272      353      485      138       98      318 |      1820
                                      3       11       34       88      114      109       64       49       53 |       525
                                      3       12       19       85       83       80       47      148       88 |       565
                                     50      112      403     1159      438      379       97      215     1879 |      4732

                    SUM             250     1723     3621     6622     4339     2399      715      834     3192 |     23695

