 <pre>

 Contingency table for Cloud base (m)
 Selection: Sweden    124 stations
Period: 20230101-20230131
Used {00,06,12,18} + 03 06 ... 48
 Limits    70.000000000000000        150.00000000000000        300.00000000000000        600.00000000000000        1000.0000000000000        1500.0000000000000        2500.0000000000000        5000.0000000000000     
 Each class is data <= limit, the very last > last limit
 Total number of values      168110
                                                       OBSERVATION
                                   4878     6371     2660      499      295      238       26       34      601 |     15602
                                   1241     4755     4030      864      364      203       41       43      311 |     11852
                                    871     4773     9635     3866      951      463      100       35      567 |     21261
                                    456     2145     8456    12849     3470     1052      250      195      946 |     29819
              43h22_ref_winter      356      872     2152     3979     4395     2044      365      206     1258 |     15627
                                    125      269      725     1301     1288     1545      415      149      714 |      6531
                                     55      166      350      774      588      657      865      590      675 |      4720
                                    105      241      542      936      771      732      752     1934     1841 |      7854
                                   2088     3006     4018     4918     3844     3780     2242     3216    27732 |     54844

                    SUM           10175    22598    32568    29986    15966    10714     5056     6402    34645 |    168110
                                                       OBSERVATION
                                   4993     6717     2862      494      290      279       25       44      623 |     16327
                                   1325     4939     4470     1048      400      211       45       41      371 |     12850
                                    884     4490     9302     3679      889      485      105       45      570 |     20449
                                    447     2029     7799    11305     2779      873      209      133      864 |     26438
               val_46h1_rc1_v1      279      735     1956     3776     3551     1410      193      126      854 |     12880
                                    103      271      807     1427     1328     1314      280       75      488 |      6093
                                     58      195      436      942      687      642      653      372      445 |      4430
                                    102      285      603     1297     1146      924      794     1885     1819 |      8855
                                   1984     2937     4333     6018     4896     4576     2752     3681    28611 |     59788

                    SUM           10175    22598    32568    29986    15966    10714     5056     6402    34645 |    168110
                                                       OBSERVATION
                                   5067     6756     2921      536      286      237       18       45      592 |     16458
                                   1309     4850     4455     1015      402      202       32       42      362 |     12669
                                    838     4698     9653     4020      965      496      117       50      584 |     21421
                                    479     2112     8295    12989     3588     1135      253      160     1007 |     30018
               val_46h1_rc1_v2      329      804     1995     3767     4332     2118      364      228     1282 |     15219
                                    121      281      709     1257     1280     1502      449      144      725 |      6468
                                     58      164      366      774      618      674      891      619      737 |      4901
                                     98      232      460      921      731      709      718     1944     1807 |      7620
                                   1876     2701     3714     4707     3764     3641     2214     3170    27549 |     53336

                    SUM           10175    22598    32568    29986    15966    10714     5056     6402    34645 |    168110

