 <pre>

 Contingency table for Low clouds (octas)
 Selection: Norway     39 stations
Period: 20230101-20230131
Used {00,06,12,18} + 03 06 ... 48
 Limits    1.0000000000000000        2.0000000000000000        3.0000000000000000        4.0000000000000000        5.0000000000000000        6.0000000000000000        7.0000000000000000     
 Each class is data <= limit, the very last > last limit
 Total number of values       30405
                                              OBSERVATION
                                   7052      812      522      457      492      525      635      774 |     11269
                                    312      108       81       91       94      122      169      195 |      1172
                                    251       86       52       66       95       97      139      160 |       946
              43h22_ref_winter      214       86       53       58       91       89      141      204 |       936
                                    198       66       46       83       75       88      131      186 |       873
                                    197       84       48       77       91      110      181      228 |      1016
                                    251      101       62      137      131      158      288      435 |      1563
                                    928      627      402      734      911     1133     3246     4649 |     12630

                    SUM            9403     1970     1266     1703     1980     2322     4930     6831 |     30405
                                              OBSERVATION
                                   7564     1034      653      682      736      799     1079     1180 |     13727
                                    290       84       70       85       86      113      163      208 |      1099
                                    200       63       43       75       69       83      131      183 |       847
               val_46h1_rc1_v1      168       46       33       63       60       65      106      181 |       722
                                    171       52       37       41       58       78      108      197 |       742
                                    127       59       33       46       70       85      132      201 |       753
                                    135       58       36       68       94      101      227      361 |      1080
                                    748      574      361      643      807      998     2984     4320 |     11435

                    SUM            9403     1970     1266     1703     1980     2322     4930     6831 |     30405
                                              OBSERVATION
                                   6892      784      507      428      504      482      661      751 |     11009
                                    342      113       79       94      111      116      153      201 |      1209
                                    259       80       39       82       78       95      135      169 |       937
               val_46h1_rc1_v2      235       63       48       69       73       87      137      180 |       892
                                    198       93       52       72       80       97      134      197 |       923
                                    239       86       46       79       87      101      157      222 |      1017
                                    287       93       77      116      153      170      305      412 |      1613
                                    951      658      418      763      894     1174     3248     4699 |     12805

                    SUM            9403     1970     1266     1703     1980     2322     4930     6831 |     30405

