 <pre>

 Contingency table for Visibility (m)
 Selection: Denmark     24 stations
Period: 20230101-20230131
Used {00,06,12,18} + 03 06 ... 48
 Limits    1000.0000000000000        5000.0000000000000        10000.000000000000        20000.000000000000     
 Each class is data <= limit, the very last > last limit
 Total number of values       39534
                                     OBSERVATION
                                    152      481      366      224      148 |      1371
                                    196     2427     2652     3554     3016 |     11845
              43h22_ref_winter       62      401      862     2315     3245 |      6885
                                      6      202      572     1090     1484 |      3354
                                     71      465     1984     5531     8028 |     16079

                    SUM             487     3976     6436    12714    15921 |     39534
                                     OBSERVATION
                                    104      421      305      224      117 |      1171
                                    233     2445     2726     3565     2932 |     11901
               val_46h1_rc1_v1      115      577     1485     4445     6416 |     13038
                                     15      288      817     2211     3138 |      6469
                                     20      245     1103     2269     3318 |      6955

                    SUM             487     3976     6436    12714    15921 |     39534
                                     OBSERVATION
                                    123      395      288      188      146 |      1140
                                    225     2488     2717     3469     2875 |     11774
               val_46h1_rc1_v2      106      554     1460     4512     6299 |     12931
                                     12      285      843     2272     3247 |      6659
                                     21      254     1128     2273     3354 |      7030

                    SUM             487     3976     6436    12714    15921 |     39534

