 <pre>

 Contingency table for Cloud cover (octas)
 Selection: ALL    610 stations
Period: 20230101-20230124
Used {00,06,12,18} + 03 06 ... 48
 Limits   0.50000000000000000        1.5000000000000000        2.5000000000000000        3.5000000000000000        4.5000000000000000        5.5000000000000000        6.5000000000000000        7.5000000000000000     
 Each class is data <= limit, the very last > last limit
 Total number of values      839038
                                                       OBSERVATION
                                  33376     4310     3525     2695     1476     2208     2586     6805    20434 |     77415
                                   5825     1119     1206      987      682      911     1119     3167     6994 |     22010
                                   3214      742      723      598      456      646      816     2256     4833 |     14284
                                   2399      584      592      540      380      559      771     2050     4122 |     11997
              43h22_ref_winter     2182      525      561      491      373      580      772     2150     4471 |     12105
                                   2104      599      577      513      372      612      848     2401     5094 |     13120
                                   2446      785      677      689      472      724     1084     3201     6769 |     16847
                                   3819     1156     1092     1126      788     1243     1853     6029    13124 |     30230
                                  19481     6487     5806     7016     5783    10333    16021   108631   461472 |    641030

                    SUM           74846    16307    14759    14655    10782    17816    25870   136690   527313 |    839038
                                                       OBSERVATION
                                  37542     5948     4773     3925     2497     3399     4064    11310    27442 |    100900
                                   4746      985     1023      869      575      929     1256     3595     7943 |     21921
                                   2667      524      628      507      372      619      822     2388     4986 |     13513
                                   1923      409      459      419      296      491      649     1926     4127 |     10699
               val_46h1_rc1_v1     1701      409      487      425      317      467      682     1872     3943 |     10303
                                   1739      469      482      443      292      471      709     2077     4377 |     11059
                                   2060      539      552      508      381      624      891     2722     5977 |     14254
                                   3328      894      890      886      624     1008     1486     4933    10896 |     24945
                                  19140     6130     5465     6673     5428     9808    15311   105867   457622 |    631444

                    SUM           74846    16307    14759    14655    10782    17816    25870   136690   527313 |    839038

