 <pre>

 Contingency table for 3h Precipitation (mm/3h)
 Selection: ALL    599 stations
Period: 20230101-20230131
Used {00,06,12,18} + 03 06 ... 48
 Limits   0.10000000000000001       0.20000000000000001       0.50000000000000000        1.0000000000000000        2.0000000000000000        5.0000000000000000        10.000000000000000        15.000000000000000        20.000000000000000     
 Each class is data <= limit, the very last > last limit
 Total number of values     1158371
                                                       OBSERVATION
                                 712390    17593    21131    12760     8485     4063      593       30        2        0 |    777047
                                  47573     5089     7117     4045     2630     1179      136       17        2        0 |     67788
                                  54714     8468    14699     9761     6368     2851      295       33        5        0 |     97194
                                  31814     5824    13811    13118    10013     4303      404       42        4        0 |     79333
              43h22_ref_winter    20239     3467    10022    13361    15984     9246      824       72        9        0 |     73224
                                  10055     1292     3886     6252    11968    16908     3204      193       38        2 |     53798
                                   1366      103      277      470      916     2947     2518      265       40       11 |      8913
                                     97        3       20       32       54      185      295      131       37        9 |       863
                                     16        0        1        2        7       20       26       52       24       18 |       166
                                      0        0        0        0        1        4        2        7        7       24 |        45

                    SUM          878264    41839    70964    59801    56426    41706     8297      842      168       64 |   1158371
                                                       OBSERVATION
                                 755962    27868    43292    34411    31131    22153     4262      358       73       16 |    919526
                                  25546     2332     2929     1503     1052      399       47        8        0        0 |     33816
                                  30558     4321     6874     4214     2431     1060      116       24        0        0 |     49598
                                  18608     3151     7366     6478     4332     1759      141       25        2        0 |     41862
               val_46h1_rc1_v1    13930     1732     5067     7061     8231     4095      301       23        3        0 |     40443
                                  14095      972     2437     3362     6281     8713     1435       75       17        0 |     37387
                                  10181      757     1479     1309     1357     1957     1324      136       20        3 |     18523
                                   5196      368      792      707      776      637      292       77       19        4 |      8868
                                   2243      189      382      363      383      374      128       40       15       14 |      4131
                                   1945      149      346      393      452      559      251       76       19       27 |      4217

                    SUM          878264    41839    70964    59801    56426    41706     8297      842      168       64 |   1158371
                                                       OBSERVATION
                                 715007    18790    23850    15489    11787     7508     1551      106       12        3 |    794103
                                  44858     4551     6250     3541     2438     1030      120       19        4        0 |     62811
                                  52845     8008    13533     8793     5533     2439      276       36        4        0 |     91467
                                  31289     5675    13346    12338     9049     3885      348       40        6        0 |     75976
               val_46h1_rc1_v2    19975     3260     9730    13029    15106     8377      732       54        9        0 |     70272
                                  10259     1276     3602     5846    11253    15292     2731      166       37        1 |     50463
                                   2259      153      381      482      940     2738     2117      251       29       12 |      9362
                                    801       52      108      130      164      252      332      108       36        9 |      1992
                                    569       43       91       83       72       92       56       49       22       19 |      1096
                                    402       31       73       70       84       93       34       13        9       20 |       829

                    SUM          878264    41839    70964    59801    56426    41706     8297      842      168       64 |   1158371

