 <pre>

 Contingency table for clouds <7500m (octas)
 Selection: Sweden    108 stations
Period: 20230101-20230131
Used {00,06,12,18} + 03 06 ... 48
 Limits    1.0000000000000000        2.0000000000000000        3.0000000000000000        4.0000000000000000        5.0000000000000000        6.0000000000000000        7.0000000000000000     
 Each class is data <= limit, the very last > last limit
 Total number of values      153627
                                              OBSERVATION
                                  21949      910      806      707      732      733     1407     9328 |     36572
                                   1509      130      161      104      154      159      311     1554 |      4082
                                   1133      128      125       81      132      123      305     1392 |      3419
              43h22_ref_winter     1109      129      137      107      113      161      336     1491 |      3583
                                   1144      135      129      107      161      189      391     1813 |      4069
                                   1573      174      166      145      221      225      579     2572 |      5655
                                   2397      278      337      302      420      467     1026     5718 |     10945
                                   5956      711      917      795     1313     1722     4655    69233 |     85302

                    SUM           36770     2595     2778     2348     3246     3779     9010    93101 |    153627
                                              OBSERVATION
                                  23048     1078     1004      851      963      908     1835    11170 |     40857
                                   1242      135      131       94      132      146      306     1454 |      3640
                                   1004       84      106       69      112      132      277     1101 |      2885
               val_46h1_rc1_v1      871      103       95       82       90      107      262     1090 |      2700
                                    953       98      100       90      115      133      271     1191 |      2951
                                   1323      118      147      116      156      186      396     1709 |      4151
                                   2148      227      254      214      313      345      823     4004 |      8328
                                   6181      752      941      832     1365     1822     4840    71382 |     88115

                    SUM           36770     2595     2778     2348     3246     3779     9010    93101 |    153627
                                              OBSERVATION
                                  21514      885      756      683      711      682     1317     8485 |     35033
                                   1571      151      131      131      142      170      317     1534 |      4147
                                   1201      104      153       80      143      119      309     1318 |      3427
               val_46h1_rc1_v2     1173      128      152       92      144      141      328     1448 |      3606
                                   1216      121      144      125      150      198      397     1733 |      4084
                                   1564      170      187      152      231      228      537     2470 |      5539
                                   2529      319      326      280      398      466     1021     5494 |     10833
                                   6002      717      929      805     1327     1775     4784    70619 |     86958

                    SUM           36770     2595     2778     2348     3246     3779     9010    93101 |    153627

