 <pre>

 Contingency table for Visibility (m)
 Selection: Sweden    158 stations
Period: 20230101-20230131
Used {00,06,12,18} + 03 06 ... 48
 Limits    1000.0000000000000        5000.0000000000000        10000.000000000000        20000.000000000000     
 Each class is data <= limit, the very last > last limit
 Total number of values      295821
                                     OBSERVATION
                                   5763     6433     2657     1642     1937 |     18432
                                   5534    29642    13326    12586    20640 |     81728
              43h22_ref_winter      581     4886     3995     5978    20140 |     35580
                                    271     1792     2249     3765    27839 |     35916
                                    972     5778     6969    13700    96746 |    124165

                    SUM           13121    48531    29196    37671   167302 |    295821
                                     OBSERVATION
                                   5637     6403     2651     1632     1791 |     18114
                                   5761    30298    13820    13188    22480 |     85547
               val_46h1_rc1_v1      839     5894     5350     8797    34197 |     55077
                                    562     3218     3858     7738    60547 |     75923
                                    322     2718     3517     6316    48287 |     61160

                    SUM           13121    48531    29196    37671   167302 |    295821

