 <pre>

 Contingency table for Cloud base (m)
 Selection: Denmark     18 stations
Period: 20230101-20230131
Used {00,06,12,18} + 03 06 ... 48
 Limits    70.000000000000000        150.00000000000000        300.00000000000000        600.00000000000000        1000.0000000000000        1500.0000000000000        2500.0000000000000        5000.0000000000000     
 Each class is data <= limit, the very last > last limit
 Total number of values       20209
                                                       OBSERVATION
                                    140      560      366      115       45       97       15       14        7 |      1359
                                     20      528      655      224      116       94       30       12        5 |      1684
                                      5      301     1034      956      213      136       32       26       22 |      2725
                                      8      104      707     2654     1252      244      106       96       41 |      5212
              43h22_ref_winter       25       88      239      889     1588      796      173      153       50 |      4001
                                      8       34       91      241      291      414      101       91       26 |      1297
                                      0       11       34       83      102      103       73       43       12 |       461
                                      2       15       21       88       74       70       45      157       37 |       509
                                     58      117      368     1061      447      377      116      234      183 |      2961

                    SUM             266     1758     3515     6311     4128     2331      691      826      383 |     20209
                                                       OBSERVATION
                                     94      531      380      115       53       66       24       10        5 |      1278
                                     20      524      655      232       92       89       23       19        4 |      1658
                                     14      317     1019      948      219      130       30       29       14 |      2720
                                     13      100      631     2258      955      235       91       71       26 |      4380
               val_46h1_rc1_v1       35       91      241      899     1578      625      139      123       43 |      3774
                                      8       28       88      258      350      442       99       68       36 |      1377
                                      1        8       43       95      117      128       60       36       11 |       499
                                      4       15       26       82      105       88       51      178       35 |       584
                                     77      144      432     1424      659      528      174      292      209 |      3939

                    SUM             266     1758     3515     6311     4128     2331      691      826      383 |     20209

