 <pre>

 Contingency table for clouds <7500m (octas)
 Selection: ALL    204 stations
Period: 20230101-20230131
Used {00,06,12,18} + 03 06 ... 48
 Limits    1.0000000000000000        2.0000000000000000        3.0000000000000000        4.0000000000000000        5.0000000000000000        6.0000000000000000        7.0000000000000000     
 Each class is data <= limit, the very last > last limit
 Total number of values      290551
                                              OBSERVATION
                                  34129     1387     1596     1101     1530     1239     5924    17187 |     64093
                                   2175      193      249      149      278      224      990     2527 |      6785
                                   1688      167      200      139      233      174      956     2235 |      5792
              43h22_ref_winter     1620      187      220      153      217      238     1024     2419 |      6078
                                   1641      179      206      170      267      259     1250     2941 |      6913
                                   2126      236      284      203      378      335     1745     4220 |      9527
                                   3246      364      506      425      663      672     3713     9965 |     19554
                                   7359      950     1337     1082     2103     2242    19674   137062 |    171809

                    SUM           53984     3663     4598     3422     5669     5383    35276   178556 |    290551
                                              OBSERVATION
                                  35842     1608     1853     1274     1837     1452     7075    19969 |     70910
                                   1752      184      207      149      231      210      938     2326 |      5997
                                   1398      131      168      104      205      184      813     1841 |      4844
               val_46h1_rc1_v1     1184      135      147      116      172      161      852     1834 |      4601
                                   1326      144      162      131      207      189     1003     2108 |      5270
                                   1723      166      221      166      273      269     1430     3098 |      7346
                                   2888      290      404      308      546      509     3000     7271 |     15216
                                   7871     1005     1436     1174     2198     2409    20165   140109 |    176367

                    SUM           53984     3663     4598     3422     5669     5383    35276   178556 |    290551
                                              OBSERVATION
                                  33501     1352     1507     1056     1464     1146     5794    16095 |     61915
                                   2297      202      220      190      261      249      989     2516 |      6924
                                   1726      156      233      122      239      177      935     2163 |      5751
               val_46h1_rc1_v2     1683      173      223      128      236      209      991     2364 |      6007
                                   1725      166      220      186      275      276     1190     2816 |      6854
                                   2154      240      286      214      374      343     1715     4015 |      9341
                                   3390      402      520      417      671      653     3586     9493 |     19132
                                   7508      972     1389     1109     2149     2330    20076   139094 |    174627

                    SUM           53984     3663     4598     3422     5669     5383    35276   178556 |    290551

