 <pre>

 Contingency table for Low clouds (octas)
 Selection: Sweden    124 stations
Period: 20230101-20230131
Used {00,06,12,18} + 03 06 ... 48
 Limits    1.0000000000000000        2.0000000000000000        3.0000000000000000        4.0000000000000000        5.0000000000000000        6.0000000000000000        7.0000000000000000     
 Each class is data <= limit, the very last > last limit
 Total number of values      225879
                                              OBSERVATION
                                  45148     2075     1646     1530     1296     1427     1943    13668 |     68733
                                   2105      412      348      308      294      249      383     1800 |      5899
                                   1495      341      285      231      233      242      321     1497 |      4645
              43h22_ref_winter     1274      316      252      234      218      246      339     1447 |      4326
                                   1077      324      274      240      231      296      354     1516 |      4312
                                   1206      433      335      339      298      310      425     1926 |      5272
                                   1515      644      541      595      449      548      698     3256 |      8246
                                   7300     6450     5831     6104     5621     7268    10433    75439 |    124446

                    SUM           61120    10995     9512     9581     8640    10586    14896   100549 |    225879
                                              OBSERVATION
                                  49052     3053     2542     2256     2012     2118     2857    16753 |     80643
                                   1390      360      281      277      247      238      360     1579 |      4732
                                    946      263      210      214      156      224      293     1223 |      3529
               val_46h1_rc1_v1      757      251      176      210      130      208      238     1139 |      3109
                                    695      243      205      193      158      206      254     1051 |      3005
                                    717      277      225      223      163      218      302     1396 |      3521
                                    875      425      370      368      297      332      465     2269 |      5401
                                   6688     6123     5503     5840     5477     7042    10127    75139 |    121939

                    SUM           61120    10995     9512     9581     8640    10586    14896   100549 |    225879
                                              OBSERVATION
                                  44523     1966     1600     1495     1215     1346     1802    12443 |     66390
                                   2177      397      353      284      287      288      391     1756 |      5933
                                   1563      352      272      229      269      244      318     1496 |      4743
               val_46h1_rc1_v2     1322      353      263      225      228      230      329     1395 |      4345
                                   1168      347      280      255      215      251      371     1528 |      4415
                                   1289      400      323      315      257      325      401     1834 |      5144
                                   1550      649      536      534      451      527      679     3229 |      8155
                                   7528     6531     5885     6244     5718     7375    10605    76868 |    126754

                    SUM           61120    10995     9512     9581     8640    10586    14896   100549 |    225879

