 <pre>

 Contingency table for Cloud base (m)
 Selection: Finland     69 stations
Period: 20230101-20230131
Used {00,06,12,18} + 03 06 ... 48
 Limits    70.000000000000000        150.00000000000000        300.00000000000000        600.00000000000000        1000.0000000000000        1500.0000000000000        2500.0000000000000        5000.0000000000000     
 Each class is data <= limit, the very last > last limit
 Total number of values       84830
                                                       OBSERVATION
                                   2303     2436      581      221       88       82       19       24        4 |      5758
                                   1252     3315     1664      262      116       75       25       37       17 |      6763
                                   1129     5320     6998     1306      483      176       60       88       31 |     15591
                                    270     2297    10261     6865     1737      551      147      182       11 |     22321
              43h22_ref_winter      124      428     1236     2330     2323      971      261      173       15 |      7861
                                     41      154      453      628      530      550      286      135       19 |      2796
                                     33      148      413      453      252      332      835      402       22 |      2890
                                    113      241      492      501      514      212      505     1646       82 |      4306
                                   1179     1527     2783     2054     2088     3723     1243     1603      344 |     16544

                    SUM            6444    15866    24881    14620     8131     6672     3381     4290      545 |     84830
                                                       OBSERVATION
                                   2537     2632      571      217       91       67       26       25        6 |      6172
                                   1248     3558     1946      303      164       85       42       34       17 |      7397
                                   1030     4897     6706     1249      509      218       73       99       33 |     14814
                                    277     2171     9472     5821     1389      465      128      111       14 |     19848
               val_46h1_rc1_v1      104      374     1244     2075     1721      680      165      104       10 |      6477
                                     40      182      634      749      594      452      209       86        4 |      2950
                                     39      152      489      630      347      365      716      377       24 |      3139
                                    120      297      576      816      751      309      628     1692       85 |      5274
                                   1049     1603     3243     2760     2565     4031     1394     1762      352 |     18759

                    SUM            6444    15866    24881    14620     8131     6672     3381     4290      545 |     84830

