 <pre>

 Contingency table for Low clouds (octas)
 Selection: Sweden    123 stations
Period: 20230101-20230131
Used {00,06,12,18} + 03 06 ... 48
 Limits    1.0000000000000000        2.0000000000000000        3.0000000000000000        4.0000000000000000        5.0000000000000000        6.0000000000000000        7.0000000000000000     
 Each class is data <= limit, the very last > last limit
 Total number of values      225558
                                              OBSERVATION
                                  44917     2086     1642     1533     1291     1436     1955    13703 |     68563
                                   2072      415      349      309      292      249      385     1807 |      5878
                                   1470      347      281      230      229      245      326     1500 |      4628
              43h22_ref_winter     1258      322      252      237      211      247      332     1457 |      4316
                                   1068      329      272      240      228      298      347     1525 |      4307
                                   1164      434      330      341      292      315      431     1944 |      5251
                                   1486      650      537      596      445      541      689     3287 |      8231
                                   7200     6461     5827     6104     5582     7203    10289    75718 |    124384

                    SUM           60635    11044     9490     9590     8570    10534    14754   100941 |    225558
                                              OBSERVATION
                                  48754     3075     2535     2262     1987     2122     2877    16806 |     80418
                                   1366      367      281      275      248      241      361     1591 |      4730
                                    925      267      208      213      156      225      295     1232 |      3521
               val_46h1_rc1_v1      745      252      174      210      129      211      242     1145 |      3108
                                    676      246      208      192      155      205      249     1065 |      2996
                                    704      276      223      224      161      220      299     1406 |      3513
                                    859      425      369      368      298      330      457     2286 |      5392
                                   6606     6136     5492     5846     5436     6980     9974    75410 |    121880

                    SUM           60635    11044     9490     9590     8570    10534    14754   100941 |    225558

