 <pre>

 Contingency table for Low clouds (octas)
 Selection: Denmark     17 stations
Period: 20230101-20230131
Used {00,06,12,18} + 03 06 ... 48
 Limits    1.0000000000000000        2.0000000000000000        3.0000000000000000        4.0000000000000000        5.0000000000000000        6.0000000000000000        7.0000000000000000     
 Each class is data <= limit, the very last > last limit
 Total number of values       32515
                                              OBSERVATION
                                   3157       93      476      106      375       86      460      655 |      5408
                                    336       37      115       26      110       24       97      111 |       856
                                    276       27      117       27       76       21       98       86 |       728
              43h22_ref_winter      252       19      135       23       88       30      105       85 |       737
                                    250       31      142       32       91       21      143      123 |       833
                                    349       21      182       21      120       30      168      154 |      1045
                                    517       54      279       38      185       53      349      305 |      1780
                                   2722      459     4289      411     3074      574     3366     6233 |     21128

                    SUM            7859      741     5735      684     4119      839     4786     7752 |     32515
                                              OBSERVATION
                                   4137      183      936      179      695      165      879     1003 |      8177
                                    222       10      116       16       85       26      114       85 |       674
                                    121       20       88       13       54       11       67       65 |       439
               val_46h1_rc1_v1      128       20       80       20       60       14       68       80 |       470
                                    163       14       89       13       61       21       97       80 |       538
                                    198       23      120       19       77       24      117      134 |       712
                                    324       37      197       40      122       47      195      200 |      1162
                                   2566      434     4109      384     2965      531     3249     6105 |     20343

                    SUM            7859      741     5735      684     4119      839     4786     7752 |     32515
                                              OBSERVATION
                                   3122       84      464      114      385       83      476      719 |      5447
                                    348       37      129       21       96       29      152      105 |       917
                                    254       28      107       24       70       23       99       89 |       694
               val_46h1_rc1_v2      258       24      139       24       79       18      133       96 |       771
                                    252       28      148       22       93       18      119      115 |       795
                                    318       36      148       28      106       44      156      153 |       989
                                    499       58      311       44      206       63      308      276 |      1765
                                   2808      446     4289      407     3084      561     3343     6199 |     21137

                    SUM            7859      741     5735      684     4119      839     4786     7752 |     32515

