 <pre>

 Contingency table for Low clouds (octas)
 Selection: Finland     69 stations
Period: 20230101-20230131
Used {00,06,12,18} + 03 06 ... 48
 Limits    1.0000000000000000        2.0000000000000000        3.0000000000000000        4.0000000000000000        5.0000000000000000        6.0000000000000000        7.0000000000000000     
 Each class is data <= limit, the very last > last limit
 Total number of values      129412
                                              OBSERVATION
                                  17458      416      905      371      818      379     4311     8847 |     33505
                                   1080       59       98       50      126       54      527     1110 |      3104
                                    753       45       72       44       86       46      421      925 |      2392
              43h22_ref_winter      632       35       60       39       70       34      381      871 |      2122
                                    547       30       78       40       62       39      428      894 |      2118
                                    542       40       76       27       91       43      539     1100 |      2458
                                    710       60      111       61      120       80      784     2140 |      4066
                                   4083      252      937      278     1233      489    11446    60929 |     79647

                    SUM           25805      937     2337      910     2606     1164    18837    76816 |    129412
                                              OBSERVATION
                                  18532      512     1031      467     1026      475     5353    10566 |     37962
                                    829       36       84       32       67       44      495     1219 |      2806
                                    620       27       64       28       78       32      358      819 |      2026
               val_46h1_rc1_v1      471       15       55       29       54       38      337      725 |      1724
                                    428       28       61       20       61       33      303      773 |      1707
                                    461       33       62       28       64       29      374      982 |      2033
                                    548       42       95       32       92       53      618     1825 |      3305
                                   3916      244      885      274     1164      460    10999    59907 |     77849

                    SUM           25805      937     2337      910     2606     1164    18837    76816 |    129412

