 <pre>

 Contingency table for Cloud base (m)
 Selection: ALL    645 stations
Period: 20230101-20230131
Used {00,06,12,18} + 03 06 ... 48
 Limits    70.000000000000000        150.00000000000000        300.00000000000000        600.00000000000000        1000.0000000000000        1500.0000000000000        2500.0000000000000        5000.0000000000000     
 Each class is data <= limit, the very last > last limit
 Total number of values      770522
                                                       OBSERVATION
                                  13271    15037     6890     3038     1482      695      145      266      969 |     41793
                                   5345    16122    12869     5100     2133      553      161      451      562 |     43296
                                   4779    22214    41023    23287     7747     1454      401     1224     1129 |    103258
                                   2882    11481    49337    75309    30824     5217     1282     3624     2956 |    182912
              43h22_ref_winter     1567     3202    11411    28803    38269    11822     2338     3599     6038 |    107049
                                    583     1245     4594     9553    11385     8232     2739     1921     3007 |     43259
                                    300      703     2446     4708     4669     3225     3970     2649     1342 |     24012
                                    451      852     2389     4607     5252     2586     3342     8469     3306 |     31254
                                   4846     6688    14021    24038    26298    18138     8469    17151    74040 |    193689

                    SUM           34024    77544   144980   178443   128059    51922    22847    39354    93349 |    770522
                                                       OBSERVATION
                                  13713    15695     7006     3077     1570      664      191      336     1057 |     43309
                                   5456    17153    14227     5386     2291      592      178      510      663 |     46456
                                   4502    20719    38900    21640     7348     1465      422     1157     1153 |     97306
                                   2747    10941    45489    64733    24313     4074      998     2760     2357 |    158412
               val_46h1_rc1_v1     1388     2910    11279    27400    32405     8633     1541     2468     4224 |     92248
                                    642     1359     5399    11545    12409     7465     2088     1521     2247 |     44675
                                    357      825     3134     6293     5596     3415     3304     2227     1001 |     26152
                                    479     1042     2959     6348     6741     3268     3721     8259     3289 |     36106
                                   4740     6900    16587    32021    35386    22346    10404    20116    77358 |    225858

                    SUM           34024    77544   144980   178443   128059    51922    22847    39354    93349 |    770522
                                                       OBSERVATION
                                  13793    15898     7117     3165     1487      585      145      298      964 |     43452
                                   5508    17129    14169     5392     2264      525      176      505      586 |     46254
                                   4380    21367    41519    23628     8067     1511      420     1196     1128 |    103216
                                   2882    11063    48035    75426    31396     5471     1316     3649     2921 |    182159
               val_46h1_rc1_v2     1596     3122    11147    28232    37824    12006     2415     3736     6232 |    106310
                                    626     1282     4674     9755    11292     8206     2894     1900     3082 |     43711
                                    327      717     2431     4731     4701     3187     3998     2818     1490 |     24400
                                    459      815     2158     4579     5062     2525     3267     8476     3274 |     30615
                                   4453     6151    13730    23535    25966    17906     8216    16776    73672 |    190405

                    SUM           34024    77544   144980   178443   128059    51922    22847    39354    93349 |    770522

