 <pre>

 Contingency table for Visibility (m)
 Selection: Denmark     23 stations
Period: 20230101-20230131
Used {00,06,12,18} + 03 06 ... 48
 Limits    1000.0000000000000        5000.0000000000000        10000.000000000000        20000.000000000000     
 Each class is data <= limit, the very last > last limit
 Total number of values       39762
                                     OBSERVATION
                                    168      502      379      225      148 |      1422
                                    212     2417     2694     3569     3016 |     11908
              43h22_ref_winter       62      397      861     2320     3262 |      6902
                                      3      203      580     1100     1489 |      3375
                                     66      461     2002     5556     8070 |     16155

                    SUM             511     3980     6516    12770    15985 |     39762
                                     OBSERVATION
                                    118      433      314      224      117 |      1206
                                    251     2442     2772     3581     2932 |     11978
               val_46h1_rc1_v1      115      566     1482     4453     6435 |     13051
                                     11      293      831     2234     3167 |      6536
                                     16      246     1117     2278     3334 |      6991

                    SUM             511     3980     6516    12770    15985 |     39762
                                     OBSERVATION
                                    136      408      300      188      146 |      1178
                                    244     2483     2756     3484     2875 |     11842
               val_46h1_rc1_v2      106      547     1461     4521     6318 |     12953
                                      9      288      856     2296     3276 |      6725
                                     16      254     1143     2281     3370 |      7064

                    SUM             511     3980     6516    12770    15985 |     39762

