 <pre>

 Contingency table for Cloud base (m)
 Selection: Norway     31 stations
Period: 20230101-20230131
Used {00,06,12,18} + 03 06 ... 48
 Limits    70.000000000000000        150.00000000000000        300.00000000000000        600.00000000000000        1000.0000000000000        1500.0000000000000        2500.0000000000000        5000.0000000000000     
 Each class is data <= limit, the very last > last limit
 Total number of values       21400
                                                       OBSERVATION
                                    362      196      349       90       21       10        5        0        0 |      1033
                                    132      147      255       57       28        7        2        0        0 |       628
                                    121      141      776      264       44       13       17        0        0 |      1376
                                    224      176     1686      633      170       63       49        0        0 |      3001
              43h22_ref_winter      145       71     1541     1069      403      109       94        0        0 |      3432
                                     55       44      726      585      295      120      128        0        0 |      1953
                                     47       38      562      466      295      127      273        0        0 |      1808
                                     48       35      402      422      338      109      383        0        0 |      1737
                                    166      144     1461     1698     1211      506     1246        0        0 |      6432

                    SUM            1300      992     7758     5284     2805     1064     2197        0        0 |     21400
                                                       OBSERVATION
                                    376      203      399      101       32        8       11        0        0 |      1130
                                    128      149      264       69       22        9        0        0        0 |       641
                                    126      137      694      274       46       12        9        0        0 |      1298
                                    170      150     1361      459       95       47       51        0        0 |      2333
               val_46h1_rc1_v1      117       62     1185      772      289       62       55        0        0 |      2542
                                     78       39      762      553      233      103       88        0        0 |      1856
                                     51       51      650      494      306      112      188        0        0 |      1852
                                     63       33      569      489      363      133      435        0        0 |      2085
                                    191      168     1874     2073     1419      578     1360        0        0 |      7663

                    SUM            1300      992     7758     5284     2805     1064     2197        0        0 |     21400
                                                       OBSERVATION
                                    374      199      401       95       34       10        5        0        0 |      1118
                                    129      160      264       64       23        5        4        0        0 |       649
                                    116      138      780      265       40       15       15        0        0 |      1369
                                    229      162     1707      613      175       66       58        0        0 |      3010
               val_46h1_rc1_v2      149       86     1499     1094      421      122      100        0        0 |      3471
                                     52       39      769      608      308      134      145        0        0 |      2055
                                     50       38      541      469      325      131      280        0        0 |      1834
                                     51       29      395      397      306      105      376        0        0 |      1659
                                    150      141     1402     1679     1173      476     1214        0        0 |      6235

                    SUM            1300      992     7758     5284     2805     1064     2197        0        0 |     21400

