 <pre>

 Contingency table for Visibility (m)
 Selection: ALL    700 stations
Period: 20230101-20230124
Used {00,06,12,18} + 03 06 ... 48
 Limits    1000.0000000000000        5000.0000000000000        10000.000000000000        20000.000000000000     
 Each class is data <= limit, the very last > last limit
 Total number of values      982755
                                     OBSERVATION
                                  10338    14986     6045     3924     5258 |     40551
                                  13359    84591    54222    52455    60693 |    265320
              43h22_ref_winter     2085    20013    25835    39120    63277 |    150330
                                    754     7758    18000    31709    62285 |    120506
                                   3561    24777    52391   105022   220297 |    406048

                    SUM           30097   152125   156493   232230   411810 |    982755
                                     OBSERVATION
                                  10148    14616     5929     3803     4890 |     39386
                                  13872    87164    56559    55020    64524 |    277139
               val_46h1_rc1_v1     3153    28132    41712    65794   116361 |    255152
                                   1596    14218    34967    62195   130747 |    243723
                                   1328     7995    17326    45418    95288 |    167355

                    SUM           30097   152125   156493   232230   411810 |    982755

