 <pre>

 Contingency table for Visibility (m)
 Selection: Sweden    159 stations
Period: 20230101-20230131
Used {00,06,12,18} + 03 06 ... 48
 Limits    1000.0000000000000        5000.0000000000000        10000.000000000000        20000.000000000000     
 Each class is data <= limit, the very last > last limit
 Total number of values      295894
                                     OBSERVATION
                                   5677     6180     2799     1802     1977 |     18435
                                   5189    28352    14132    13089    20993 |     81755
              43h22_ref_winter      558     4439     4077     6237    20276 |     35587
                                    269     1598     2219     3854    27981 |     35921
                                    948     5003     6973    13991    97281 |    124196

                    SUM           12641    45572    30200    38973   168508 |    295894
                                     OBSERVATION
                                   5554     6185     2766     1778     1836 |     18119
                                   5416    28889    14714    13727    22827 |     85573
               val_46h1_rc1_v1      812     5324     5391     9111    34447 |     55085
                                    558     2816     3812     7908    60830 |     75924
                                    301     2358     3517     6449    48568 |     61193

                    SUM           12641    45572    30200    38973   168508 |    295894
                                     OBSERVATION
                                   5642     6194     2731     1741     1853 |     18161
                                   5325    28634    14517    13509    22124 |     84109
               val_46h1_rc1_v2      775     5317     5383     8986    33566 |     54027
                                    584     2893     3985     8094    61986 |     77542
                                    315     2534     3584     6643    48979 |     62055

                    SUM           12641    45572    30200    38973   168508 |    295894

