 <pre>

 Contingency table for Low clouds (octas)
 Selection: ALL    628 stations
Period: 20230101-20230131
Used {00,06,12,18} + 03 06 ... 48
 Limits    1.0000000000000000        2.0000000000000000        3.0000000000000000        4.0000000000000000        5.0000000000000000        6.0000000000000000        7.0000000000000000     
 Each class is data <= limit, the very last > last limit
 Total number of values     1061066
                                              OBSERVATION
                                 140211     9725     8726     5882     6836     7306    17442    46060 |    242188
                                   8834     1723     1650     1294     1451     1505     3468     7686 |     27611
                                   6273     1378     1333     1036     1187     1292     2875     6483 |     21857
              43h22_ref_winter     5556     1323     1296     1027     1113     1259     2932     6567 |     21073
                                   4950     1363     1298     1100     1158     1475     3298     7114 |     21756
                                   5395     1584     1594     1255     1500     1659     4151     9003 |     26141
                                   7566     2467     2473     2129     2382     2918     7124    16914 |     43973
                                  36489    19018    22618    18052    24541    34100    97952   403697 |    656467

                    SUM          215274    38581    40988    31775    40168    51514   139242   503524 |   1061066
                                              OBSERVATION
                                 157943    14589    13591     9719    11047    11869    27496    64404 |    310658
                                   5855     1323     1280     1024     1186     1312     3188     7367 |     22535
                                   3917      970      936      773      880     1028     2457     5426 |     16387
               val_46h1_rc1_v1     3209      899      824      723      779      993     2174     4895 |     14496
                                   3149      914      848      669      794      994     2295     5262 |     14925
                                   3342     1023     1007      826      953     1214     2858     7035 |     18258
                                   4633     1518     1632     1325     1584     1937     4672    12438 |     29739
                                  33226    17345    20870    16716    22945    32167    94102   396697 |    634068

                    SUM          215274    38581    40988    31775    40168    51514   139242   503524 |   1061066

