 <pre>

 Contingency table for Cloud base (m)
 Selection: ALL    629 stations
Period: 20230101-20230131
Used {00,06,12,18} + 03 06 ... 48
 Limits    70.000000000000000        150.00000000000000        300.00000000000000        600.00000000000000        1000.0000000000000        1500.0000000000000        2500.0000000000000        5000.0000000000000     
 Each class is data <= limit, the very last > last limit
 Total number of values      709474
                                                       OBSERVATION
                                   9929    20009     7388     3277     1550      722      149      302       49 |     43375
                                   3701    18453    13669     5418     2216      586      166      469       81 |     44759
                                   3414    24998    40922    25254     8193     1552      412     1232      180 |    106157
                                   2116    12924    47165    79338    33179     5493     1353     3705      626 |    185899
              43h22_ref_winter     1172     3692    10753    28954    40037    12163     2500     3732     1485 |    104488
                                    421     1447     4319     9587    11831     8174     2897     2041      597 |     41314
                                    212      795     2415     4785     4806     3093     4029     2924      279 |     23338
                                    348      958     2410     4756     5440     2536     3044     9187      871 |     29550
                                   3622     8074    13856    24062    27213    18207     8720    18033     8807 |    130594

                    SUM           24935    91350   142897   185431   134465    52526    23270    41625    12975 |    709474
                                                       OBSERVATION
                                  10281    20781     7580     3310     1638      695      190      375       71 |     44921
                                   3717    19755    14985     5769     2400      624      187      523       94 |     48054
                                   3252    23336    38905    23478     7761     1571      428     1192      165 |    100088
                                   1948    12372    43784    68409    26286     4311     1072     2835      433 |    161450
               val_46h1_rc1_v1     1070     3325    10454    27801    33973     8952     1640     2543     1032 |     90790
                                    482     1570     5009    11685    12928     7438     2199     1598      449 |     43358
                                    243      964     2999     6418     5785     3338     3348     2424      196 |     25715
                                    394     1113     2950     6525     7005     3193     3468     8965      832 |     34445
                                   3548     8134    16231    32036    36689    22404    10738    21170     9703 |    160653

                    SUM           24935    91350   142897   185431   134465    52526    23270    41625    12975 |    709474
                                                       OBSERVATION
                                  10308    21010     7726     3384     1561      614      150      333       43 |     45129
                                   3760    19730    14902     5801     2367      549      175      515       64 |     47863
                                   3125    24015    41432    25641     8515     1636      429     1238      176 |    106207
                                   2096    12437    45917    79412    33767     5755     1411     3746      595 |    185136
               val_46h1_rc1_v2     1204     3603    10455    28304    39541    12316     2617     3878     1504 |    103422
                                    449     1482     4404     9795    11730     8182     3022     2024      607 |     41695
                                    253      792     2412     4785     4826     3069     4024     3107      295 |     23563
                                    357      915     2165     4704     5266     2465     2987     9169      852 |     28880
                                   3383     7366    13484    23605    26892    17940     8455    17615     8839 |    127579

                    SUM           24935    91350   142897   185431   134465    52526    23270    41625    12975 |    709474

