 <pre>

 Contingency table for Low clouds (octas)
 Selection: Norway     36 stations
Period: 20230101-20230131
Used {00,06,12,18} + 03 06 ... 48
 Limits    1.0000000000000000        2.0000000000000000        3.0000000000000000        4.0000000000000000        5.0000000000000000        6.0000000000000000        7.0000000000000000     
 Each class is data <= limit, the very last > last limit
 Total number of values       32427
                                              OBSERVATION
                                   7315      865      561      505      510      527      662      822 |     11767
                                    314      109       80       98       93      126      186      213 |      1219
                                    263       84       55       70       98       97      155      180 |      1002
              43h22_ref_winter      235       86       65       60      101       92      149      212 |      1000
                                    204       68       59       85       87       92      139      196 |       930
                                    214      100       66       77       99      114      198      238 |      1106
                                    277      113       84      138      148      163      321      465 |      1709
                                    976      695      512      790     1031     1183     3475     5032 |     13694

                    SUM            9798     2120     1482     1823     2167     2394     5285     7358 |     32427
                                              OBSERVATION
                                   7838     1089      728      734      771      815     1123     1248 |     14346
                                    305       95       74       87       88      117      176      225 |      1167
                                    216       65       51       79       76       84      151      197 |       919
               val_46h1_rc1_v1      182       48       45       62       68       66      124      195 |       790
                                    181       55       41       46       66       77      122      202 |       790
                                    132       70       48       47       83       88      156      220 |       844
                                    152       72       57       77      108      112      255      386 |      1219
                                    792      626      438      691      907     1035     3178     4685 |     12352

                    SUM            9798     2120     1482     1823     2167     2394     5285     7358 |     32427

