 <pre>

 Contingency table for Cloud base (m)
 Selection: Sweden    123 stations
Period: 20230101-20230131
Used {00,06,12,18} + 03 06 ... 48
 Limits    70.000000000000000        150.00000000000000        300.00000000000000        600.00000000000000        1000.0000000000000        1500.0000000000000        2500.0000000000000        5000.0000000000000     
 Each class is data <= limit, the very last > last limit
 Total number of values      135117
                                                       OBSERVATION
                                   2579     8123     3161      525      312      241       26       36        3 |     15006
                                    521     4711     4697      930      372      213       41       51       12 |     11548
                                    358     4420    10030     4261      969      500      110       41       12 |     20701
                                    206     2011     8142    13139     3801     1078      261      219       36 |     28893
              43h22_ref_winter      166      913     2140     3817     4586     2065      399      272       68 |     14426
                                     46      310      671     1312     1277     1547      464      189       30 |      5846
                                     23      180      338      780      581      612      871      663       50 |      4098
                                     66      256      501      972      775      720      682     2053      213 |      6238
                                   1119     3661     4022     4956     3933     3587     2335     3512     1236 |     28361

                    SUM            5084    24585    33702    30692    16606    10563     5189     7036     1660 |    135117
                                                       OBSERVATION
                                   2628     8454     3444      519      308      284       24       45        3 |     15709
                                    556     4958     5084     1147      416      218       43       51       19 |     12492
                                    379     4171     9657     4077      908      515      107       63       21 |     19898
                                    203     1938     7519    11592     3038      892      224      146       25 |     25577
               val_46h1_rc1_v1      131      738     1959     3608     3758     1433      231      159       47 |     12064
                                     43      292      766     1404     1346     1333      319      103       20 |      5626
                                     18      221      414      961      661      645      631      435       22 |      4008
                                     63      297      557     1323     1163      898      751     1997      191 |      7240
                                   1063     3516     4302     6061     5008     4345     2859     4037     1312 |     32503

                    SUM            5084    24585    33702    30692    16606    10563     5189     7036     1660 |    135117
                                                       OBSERVATION
                                   2641     8539     3515      561      307      243       17       48        1 |     15872
                                    555     4845     5088     1119      412      207       29       50       14 |     12319
                                    371     4328     9989     4427      995      537      115       66       23 |     20851
                                    217     2016     8006    13231     3915     1154      278      176       38 |     29031
               val_46h1_rc1_v2      133      854     1982     3606     4501     2144      419      291       67 |     13997
                                     49      306      670     1255     1263     1523      493      186       29 |      5774
                                     28      170      352      792      609      624      888      700       49 |      4212
                                     62      247      429      940      735      693      660     2061      197 |      6024
                                   1028     3280     3671     4761     3869     3438     2290     3458     1242 |     27037

                    SUM            5084    24585    33702    30692    16606    10563     5189     7036     1660 |    135117

