 <pre>

 Contingency table for Low clouds (octas)
 Selection: METCOOP    232 stations
Period: 20230101-20230131
Used {00,06,12,18} + 03 06 ... 48
 Limits    1.0000000000000000        2.0000000000000000        3.0000000000000000        4.0000000000000000        5.0000000000000000        6.0000000000000000        7.0000000000000000     
 Each class is data <= limit, the very last > last limit
 Total number of values      382102
                                              OBSERVATION
                                  68927     3318     3084     2346     2610     2336     6831    23017 |    112469
                                   3454      579      526      444      516      423     1075     3067 |     10084
                                   2471      471      402      336      415      388      875     2563 |      7921
              43h22_ref_winter     2095      437      361      329      378      369      855     2484 |      7308
                                   1799      417      397      360      371      428      907     2579 |      7258
                                   1920      556      453      443      477      465     1138     3212 |      8664
                                   2444      800      704      790      692      788     1763     5770 |     13751
                                  12179     7300     6879     7090     7342     8866    25107   139884 |    214647

                    SUM           95289    13878    12806    12138    12801    14063    38551   182576 |    382102
                                              OBSERVATION
                                  74387     4621     4224     3383     3774     3397     9232    28200 |    131218
                                   2466      480      434      391      405      397     1009     2976 |      8558
                                   1739      352      314      315      302      346      780     2204 |      6352
               val_46h1_rc1_v1     1378      312      261      300      242      309      677     2017 |      5496
                                   1278      321      301      254      279      317      661     1999 |      5410
                                   1278      364      317      296      295      332      809     2541 |      6232
                                   1524      517      496      466      475      490     1296     4394 |      9658
                                  11239     6911     6459     6733     7029     8475    24087   138245 |    209178

                    SUM           95289    13878    12806    12138    12801    14063    38551   182576 |    382102
                                              OBSERVATION
                                  67737     3175     2984     2287     2567     2212     6776    21515 |    109253
                                   3547      562      530      419      493      440     1080     3032 |     10103
                                   2584      479      381      344      419      384      855     2562 |      8008
               val_46h1_rc1_v2     2202      445      375      322      363      357      860     2415 |      7339
                                   1917      477      385      349      368      395      926     2581 |      7398
                                   2148      515      433      428      414      474     1040     3126 |      8578
                                   2570      796      740      709      736      782     1708     5543 |     13584
                                  12584     7429     6978     7280     7441     9019    25306   141802 |    217839

                    SUM           95289    13878    12806    12138    12801    14063    38551   182576 |    382102

