 <pre>

 Contingency table for Rh2m (%)
 Selection: METCOOP    522 stations
Period: 20230101-20230131
Used {00,06,12,18} + 03 06 ... 48
 Limits    30.000000000000000        50.000000000000000        65.000000000000000        75.000000000000000        85.000000000000000        95.000000000000000        100.00000000000000     
 Each class is data <= limit, the very last > last limit
 Total number of values      992434
                                              OBSERVATION
                                     14       25        2       13        7        0        0        0 |        61
                                    906     2221     2052     1508     2213      709       52        0 |      9661
                                    261     4787    21651    13879    12795     8454     1190        0 |     63017
              43h22_ref_winter       18     1834    20268    31162    36465    27586     4049        0 |    121382
                                      2      397     8650    30764    80906   119494    18240        0 |    258453
                                      0      122     2112    10067    50291   213195   103192        0 |    378979
                                      0        9      208      661     5814    42277   111815        0 |    160784
                                      0        0        0        0        1       24       72        0 |        97

                    SUM            1201     9395    54943    88054   188492   411739   238610        0 |    992434
                                              OBSERVATION
                                      5       17        1        8        0        0        0        0 |        31
                                    883     1916     1638     1282     1697      441       31        0 |      7888
                                    279     4939    20784    13162    12539     7814     1100        0 |     60617
               val_46h1_rc1_v1       31     1878    20754    30816    35540    26857     3883        0 |    119759
                                      1      518     9301    31450    81401   117053    17553        0 |    257277
                                      2      118     2266    10668    51205   215331   100861        0 |    380451
                                      0        9      199      668     6108    44208   115125        0 |    166317
                                      0        0        0        0        2       35       57        0 |        94

                    SUM            1201     9395    54943    88054   188492   411739   238610        0 |    992434

