 <pre>

 Contingency table for Cloud cover (octas)
 Selection: METCOOP    212 stations
Period: 20230101-20230131
Used {00,06,12,18} + 03 06 ... 48
 Limits   0.50000000000000000        1.5000000000000000        2.5000000000000000        3.5000000000000000        4.5000000000000000        5.5000000000000000        6.5000000000000000        7.5000000000000000     
 Each class is data <= limit, the very last > last limit
 Total number of values      380256
                                                       OBSERVATION
                                  28755     2751     1402     1330     1008     1075      931     3528    12638 |     53418
                                   3795      560      421      416      339      429      382     1369     3606 |     11317
                                   2229      380      242      276      226      304      242      924     2321 |      7144
                                   1679      281      195      226      192      269      237      777     1907 |      5763
              43h22_ref_winter     1507      263      209      188      167      245      241      764     2040 |      5624
                                   1482      287      204      225      190      266      281      875     2108 |      5918
                                   1792      355      252      305      214      338      315     1161     2793 |      7525
                                   2821      553      396      467      345      552      588     2049     5137 |     12908
                                  17514     3683     2754     3641     3138     5179     6546    33709   194475 |    270639

                    SUM           61574     9113     6075     7074     5819     8657     9763    45156   227025 |    380256
                                                       OBSERVATION
                                  31000     3262     1792     1754     1337     1523     1336     4800    14797 |     61601
                                   3183      529      346      386      312      472      398     1371     3763 |     10760
                                   1913      287      218      221      190      266      268      906     2326 |      6595
                                   1444      249      163      182      164      231      199      729     1858 |      5219
               val_46h1_rc1_v1     1273      210      177      185      152      227      228      713     1744 |      4909
                                   1355      264      176      195      157      229      249      820     1926 |      5371
                                   1580      302      213      216      203      296      277     1005     2475 |      6567
                                   2707      450      314      392      283      456      510     1748     4456 |     11316
                                  17119     3560     2676     3543     3021     4957     6298    33064   193680 |    267918

                    SUM           61574     9113     6075     7074     5819     8657     9763    45156   227025 |    380256
                                                       OBSERVATION
                                  28036     2678     1356     1256      964     1030      875     3512    11210 |     50917
                                   3888      580      410      427      336      423      395     1280     3488 |     11227
                                   2271      355      253      269      206      299      254      898     2225 |      7030
                                   1769      307      202      208      209      286      224      768     1975 |      5948
               val_46h1_rc1_v2     1560      266      162      190      164      233      249      760     1928 |      5512
                                   1510      277      222      258      180      265      257      874     2135 |      5978
                                   1839      371      229      262      209      352      321     1152     2701 |      7436
                                   3059      556      407      439      386      571      622     1938     5151 |     13129
                                  17642     3723     2834     3765     3165     5198     6566    33974   196212 |    273079

                    SUM           61574     9113     6075     7074     5819     8657     9763    45156   227025 |    380256

