 <pre>

 Contingency table for Low clouds (octas)
 Selection: Estonia     18 stations
Period: 20230101-20230131
Used {00,06,12,18} + 03 06 ... 48
 Limits    1.0000000000000000        2.0000000000000000        3.0000000000000000        4.0000000000000000        5.0000000000000000        6.0000000000000000        7.0000000000000000     
 Each class is data <= limit, the very last > last limit
 Total number of values       33191
                                              OBSERVATION
                                   2953      125      177      110      161      135      754      895 |      5310
                                    140       18       17       17       19       30      171      140 |       552
                                    108       10       15       12       13       23      124      136 |       441
              43h22_ref_winter      125       17       25        8       13       37      151      167 |       543
                                    101       16       29       14       19       38      164      176 |       557
                                    104       22       27        9       10       43      219      207 |       641
                                    170       24       30       15       19       57      372      478 |      1165
                                    732      101      123      112      185      429     5001    17299 |     23982

                    SUM            4433      333      443      297      439      792     6956    19498 |     33191
                                              OBSERVATION
                                   3280      180      243      158      205      218     1207     1068 |      6559
                                     95       13       17        7        9       25      123      148 |       437
                                     43        9       16       11       12       20      118      118 |       347
               val_46h1_rc1_v1       51        7       12        2        7       21      102      111 |       313
                                     66        5       11        7       10       22      122      144 |       387
                                     64       12       11        9        9       25      159      178 |       467
                                    101       14       17       14       14       42      226      325 |       753
                                    733       93      116       89      173      419     4899    17406 |     23928

                    SUM            4433      333      443      297      439      792     6956    19498 |     33191
                                              OBSERVATION
                                   2984      127      176      120      160      128      733      753 |      5181
                                    154       25       25       12       25       28      162      160 |       591
                                    104       11       22       11       13       22      133      122 |       438
               val_46h1_rc1_v2       99       13       13       11        9       23      116      137 |       421
                                    102       16       17       10       15       29      166      146 |       501
                                    110        8       35       18       14       46      199      209 |       639
                                    151       32       38       14       29       63      346      451 |      1124
                                    729      101      117      101      174      453     5101    17520 |     24296

                    SUM            4433      333      443      297      439      792     6956    19498 |     33191

