 <pre>

 Contingency table for Cloud base (m)
 Selection: Estonia     20 stations
Period: 20230101-20230131
Used {00,06,12,18} + 03 06 ... 48
 Limits    70.000000000000000        150.00000000000000        300.00000000000000        600.00000000000000        1000.0000000000000        1500.0000000000000        2500.0000000000000        5000.0000000000000     
 Each class is data <= limit, the very last > last limit
 Total number of values       22374
                                                       OBSERVATION
                                     74     1492      356       80       18       15       10        6        3 |      2054
                                     34     1133      761       78       11        9        3        3        6 |      2038
                                      7     1510     2294      510       53       32        0       13       13 |      4432
                                      3      537     2779     3053      680      102       23       18       25 |      7220
              43h22_ref_winter        8      111      398      768      927      372       20        9       52 |      2665
                                      1       34       95      179      120      108       37        4        2 |       580
                                      0       32       85      107       38       26       27       14        1 |       330
                                      0       17      131      239       97        8       18      112        8 |       630
                                     27      223      474      533      394      331       35      195      213 |      2425

                    SUM             154     5089     7373     5547     2338     1003      173      374      323 |     22374
                                                       OBSERVATION
                                     83     1588      381       79       16       13        8        6        7 |      2181
                                     32     1227      847       96       14        7        6        4        2 |      2235
                                      4     1444     2262      475       74       30        4       11       11 |      4315
                                      2      524     2614     2722      572       92       14       21       25 |      6586
               val_46h1_rc1_v1        9       72      395      810      770      296       10        6       45 |      2413
                                      0       20      155      271      149      112       24        0        2 |       733
                                      1       38       85      130       62       22       28        3        1 |       370
                                      0       22      141      263      115       14       18      118        9 |       700
                                     23      154      493      701      566      417       61      205      221 |      2841

                    SUM             154     5089     7373     5547     2338     1003      173      374      323 |     22374
                                                       OBSERVATION
                                     81     1618      378       78       15       13       10        5        6 |      2204
                                     20     1241      821       83       11        4        3        3        0 |      2186
                                      9     1400     2478      549       67       39        4       14       18 |      4578
                                      2      467     2679     3178      706      116       21       20       23 |      7212
               val_46h1_rc1_v2       10       87      344      696      892      352       22        6       48 |      2457
                                      0       36       91      156      116      122       29        5        0 |       555
                                      0       34       84       84       47       22       24        7        4 |       306
                                      0       20      109      215       90       10       23      127       11 |       605
                                     32      186      389      508      394      325       37      187      213 |      2271

                    SUM             154     5089     7373     5547     2338     1003      173      374      323 |     22374

