 <pre>

 Contingency table for Low clouds (octas)
 Selection: ALL    624 stations
Period: 20230101-20230131
Used {00,06,12,18} + 03 06 ... 48
 Limits    1.0000000000000000        2.0000000000000000        3.0000000000000000        4.0000000000000000        5.0000000000000000        6.0000000000000000        7.0000000000000000     
 Each class is data <= limit, the very last > last limit
 Total number of values     1030860
                                              OBSERVATION
                                 136246     9376     8285     5663     6604     7184    16768    46167 |    236293
                                   8643     1638     1580     1223     1431     1485     3286     7793 |     27079
                                   6132     1306     1283      997     1170     1278     2735     6555 |     21456
              43h22_ref_winter     5385     1247     1236      982     1095     1215     2793     6609 |     20562
                                   4835     1306     1228     1066     1118     1435     3141     7164 |     21293
                                   5276     1507     1508     1211     1462     1603     3929     9048 |     25544
                                   7365     2352     2367     2085     2323     2860     6777    16834 |     42963
                                  35712    18445    21780    17645    23704    33588    93193   391603 |    635670

                    SUM          209594    37177    39267    30872    38907    50648   132622   491773 |   1030860
                                              OBSERVATION
                                 153585    13909    12903     9297    10710    11648    26415    65359 |    303826
                                   5714     1260     1229      993     1171     1285     3056     7395 |     22103
                                   3840      935      898      755      859     1021     2325     5439 |     16072
               val_46h1_rc1_v1     3135      871      774      730      758      955     2055     4890 |     14168
                                   3078      874      814      649      788      983     2181     5237 |     14604
                                   3263      974      960      803      938     1191     2722     6992 |     17843
                                   4486     1454     1567     1273     1549     1890     4465    12349 |     29033
                                  32493    16900    20122    16372    22134    31675    89403   384112 |    613211

                    SUM          209594    37177    39267    30872    38907    50648   132622   491773 |   1030860
                                              OBSERVATION
                                 134698     9221     8216     5732     6599     7041    16585    44100 |    232192
                                   8786     1616     1543     1150     1420     1464     3349     7672 |     27000
                                   6215     1333     1231      979     1120     1214     2775     6486 |     21353
               val_46h1_rc1_v2     5347     1283     1222      949     1109     1217     2834     6357 |     20318
                                   4994     1301     1249      968     1125     1327     2983     6881 |     20828
                                   5439     1509     1419     1206     1343     1637     3720     8726 |     24999
                                   7569     2425     2446     1953     2380     2719     6509    16112 |     42113
                                  36546    18489    21941    17935    23811    34029    93867   395439 |    642057

                    SUM          209594    37177    39267    30872    38907    50648   132622   491773 |   1030860

