 <pre>

 Contingency table for Low clouds (octas)
 Selection: Finland     69 stations
Period: 20230101-20230131
Used {00,06,12,18} + 03 06 ... 48
 Limits    1.0000000000000000        2.0000000000000000        3.0000000000000000        4.0000000000000000        5.0000000000000000        6.0000000000000000        7.0000000000000000     
 Each class is data <= limit, the very last > last limit
 Total number of values      125818
                                              OBSERVATION
                                  16727      431      916      359      822      384     4253     8575 |     32467
                                   1037       59       97       45      128       52      523     1072 |      3013
                                    725       44       65       39       87       49      415      906 |      2330
              43h22_ref_winter      607       35       56       37       69       34      375      833 |      2046
                                    524       27       77       37       65       44      422      877 |      2073
                                    517       39       70       27       88       45      532     1058 |      2376
                                    678       55      101       58      112       82      777     2079 |      3942
                                   3951      223      646      252      810      465    11428    59796 |     77571

                    SUM           24766      913     2028      854     2181     1155    18725    75196 |    125818
                                              OBSERVATION
                                  17771      534     1029      445     1026      480     5296    10267 |     36848
                                    786       36       83       29       72       46      486     1189 |      2727
                                    593       26       61       26       77       39      356      798 |      1976
               val_46h1_rc1_v1      453       15       52       27       52       36      333      697 |      1665
                                    412       26       59       20       63       33      299      751 |      1663
                                    434       28       59       27       62       29      375      944 |      1958
                                    514       34       90       30       84       57      604     1764 |      3177
                                   3803      214      595      250      745      435    10976    58786 |     75804

                    SUM           24766      913     2028      854     2181     1155    18725    75196 |    125818
                                              OBSERVATION
                                  16322      425      877      364      848      384     4313     8321 |     31854
                                   1028       52       98       41       95       36      536     1075 |      2961
                                    762       47       70       33       72       45      402      897 |      2328
               val_46h1_rc1_v2      645       29       64       28       62       40      394      840 |      2102
                                    551       37       53       22       73       47      421      856 |      2060
                                    620       29       64       34       70       48      482     1070 |      2417
                                    733       54      127       59      132       85      724     1902 |      3816
                                   4105      240      675      273      829      470    11453    60235 |     78280

                    SUM           24766      913     2028      854     2181     1155    18725    75196 |    125818

