 <pre>

 Contingency table for Rh2m (%)
 Selection: ALL   1049 stations
Period: 20230101-20230131
Used {00,06,12,18} + 03 06 ... 48
 Limits    30.000000000000000        50.000000000000000        65.000000000000000        75.000000000000000        85.000000000000000        95.000000000000000        100.00000000000000     
 Each class is data <= limit, the very last > last limit
 Total number of values     1997675
                                              OBSERVATION
                                     14       25        2       13        7        0        0        0 |        61
                                    972     2478     2504     1741     2308      807       67        0 |     10877
                                    296     5046    26766    22251    25301    11129     1471        0 |     92260
              43h22_ref_winter       26     1938    24761    48247    65342    40131     5563        0 |    186008
                                      2      441    11283    57592   166724   206966    28533        0 |    471541
                                      1      133     2584    20434   145113   503255   206737        0 |    878257
                                      2        9      251     1102    12039   109328   235577        0 |    358308
                                      0        0        0        0        1       58      304        0 |       363

                    SUM            1313    10070    68151   151380   416835   871674   478252        0 |   1997675
                                              OBSERVATION
                                      5       17        1        8        0        0        0        0 |        31
                                    933     2174     2073     1495     1812      518       45        0 |      9050
                                    328     5188    25808    21509    25369    10587     1429        0 |     90218
               val_46h1_rc1_v1       40     1992    25449    48301    63807    39322     5379        0 |    184290
                                      2      560    11851    57593   166201   203080    27343        0 |    466630
                                      4      130     2732    21346   147316   504301   201561        0 |    877390
                                      1        9      237     1128    12328   113813   242262        0 |    369778
                                      0        0        0        0        2       53      233        0 |       288

                    SUM            1313    10070    68151   151380   416835   871674   478252        0 |   1997675

