 <pre>

 Contingency table for Low clouds (octas)
 Selection: Denmark     18 stations
Period: 20230101-20230131
Used {00,06,12,18} + 03 06 ... 48
 Limits    1.0000000000000000        2.0000000000000000        3.0000000000000000        4.0000000000000000        5.0000000000000000        6.0000000000000000        7.0000000000000000     
 Each class is data <= limit, the very last > last limit
 Total number of values       33586
                                              OBSERVATION
                                   3144      103      475      108      370       95      477      662 |      5434
                                    330       37      116       27      114       25      103      115 |       867
                                    276       28      122       29       77       24      106       87 |       749
              43h22_ref_winter      258       22      136       23       89       30      113       87 |       758
                                    256       34      142       37       90       27      147      133 |       866
                                    354       23      187       23      123       31      175      160 |      1076
                                    523       64      284       47      192       59      367      320 |      1856
                                   2758      521     4297      462     3092      616     3571     6663 |     21980

                    SUM            7899      832     5759      756     4147      907     5059     8227 |     33586
                                              OBSERVATION
                                   4122      200      943      192      698      179      936     1035 |      8305
                                    221       12      114       18       84       27      119       92 |       687
                                    122       21       88       16       56       11       75       65 |       454
               val_46h1_rc1_v1      129       22       84       22       62       15       69       83 |       486
                                    165       17       88       13       64       21      101       82 |       551
                                    204       29      122       24       81       27      124      143 |       754
                                    325       41      201       44      127       55      215      214 |      1222
                                   2611      490     4119      427     2975      572     3420     6513 |     21127

                    SUM            7899      832     5759      756     4147      907     5059     8227 |     33586
                                              OBSERVATION
                                   3100       89      459      117      379       91      492      733 |      5460
                                    353       39      133       23      100       30      159      107 |       944
                                    253       29      113       25       69       27      106       93 |       715
               val_46h1_rc1_v2      259       25      140       26       80       19      142      104 |       795
                                    258       32      149       24       97       22      125      118 |       825
                                    321       38      151       30      107       49      163      162 |      1021
                                    506       65      314       54      211       63      338      291 |      1842
                                   2849      515     4300      457     3104      606     3534     6619 |     21984

                    SUM            7899      832     5759      756     4147      907     5059     8227 |     33586

