 <pre>

 Contingency table for Cloud cover (octas)
 Selection: Finland     69 stations
Period: 20230101-20230131
Used {00,06,12,18} + 03 06 ... 48
 Limits   0.50000000000000000        1.5000000000000000        2.5000000000000000        3.5000000000000000        4.5000000000000000        5.5000000000000000        6.5000000000000000        7.5000000000000000     
 Each class is data <= limit, the very last > last limit
 Total number of values      133297
                                                       OBSERVATION
                                   7301      834      252      491      237      414      250     2450     4631 |     16860
                                   1130      221       84      133       64      172       60      793     1381 |      4038
                                    623      135       47       76       37       93       44      494      781 |      2330
                                    453       95       42       57       27       76       39      399      572 |      1760
              43h22_ref_winter      405       80       39       46       32       60       40      369      541 |      1612
                                    399       78       37       56       31       75       38      443      534 |      1691
                                    410      110       47       72       33      104       51      573      719 |      2119
                                    583      188       61      117       63      155      100      986     1412 |      3665
                                   2582     1000      423      855      465     1364      850    19229    72454 |     99222

                    SUM           13886     2741     1032     1903      989     2513     1472    25736    83025 |    133297
                                                       OBSERVATION
                                   8093      989      325      582      278      524      291     3019     5058 |     19159
                                    950      193       85      109       56      150       65      728     1281 |      3617
                                    434       78       34       59       26       78       44      452      743 |      1948
                                    373       86       37       51       31       76       24      385      532 |      1595
               val_46h1_rc1_v1      297       72       29       36       25       57       37      339      430 |      1322
                                    325       88       28       52       33       60       38      405      550 |      1579
                                    335       97       29       44       32       97       43      505      677 |      1859
                                    538      148       50       95       39      119       79      862     1274 |      3204
                                   2541      990      415      875      469     1352      851    19041    72480 |     99014

                    SUM           13886     2741     1032     1903      989     2513     1472    25736    83025 |    133297

