 <pre>

 Contingency table for Cloud cover (octas)
 Selection: ALL    611 stations
Period: 20230101-20230131
Used {00,06,12,18} + 03 06 ... 48
 Limits   0.50000000000000000        1.5000000000000000        2.5000000000000000        3.5000000000000000        4.5000000000000000        5.5000000000000000        6.5000000000000000        7.5000000000000000     
 Each class is data <= limit, the very last > last limit
 Total number of values     1091109
                                                       OBSERVATION
                                  50947     6042     4657     3598     2099     2936     3374     8915    23313 |    105881
                                   8282     1667     1568     1311      971     1265     1531     4201     8520 |     29316
                                   4643     1045      944      843      631      908     1068     3031     5998 |     19111
                                   3456      825      759      718      518      756     1040     2703     5142 |     15917
              43h22_ref_winter     3052      788      756      647      541      785     1031     2853     5643 |     16096
                                   2995      835      762      712      553      846     1117     3223     6469 |     17512
                                   3491     1059      911      935      656      986     1463     4320     8649 |     22470
                                   5390     1625     1415     1463     1089     1706     2491     8115    16997 |     40291
                                  27180     8824     7574     9197     7614    13819    21127   140934   588246 |    824515

                    SUM          109436    22710    19346    19424    14672    24007    34242   178295   668977 |   1091109
                                                       OBSERVATION
                                  57202     8396     6350     5306     3514     4657     5485    14678    32396 |    137984
                                   6649     1422     1342     1194      836     1272     1661     4869     9865 |     29110
                                   3792      756      823      698      515      813     1092     3181     6177 |     17847
                                   2724      605      624      543      416      658      929     2597     5153 |     14249
               val_46h1_rc1_v1     2403      595      634      557      420      671      920     2518     4966 |     13684
                                   2510      661      649      596      420      664      954     2866     5545 |     14865
                                   2944      776      712      674      539      851     1160     3698     7646 |     19000
                                   4788     1221     1121     1136      846     1378     1962     6642    13995 |     33089
                                  26424     8278     7091     8720     7166    13043    20079   137246   583234 |    811281

                    SUM          109436    22710    19346    19424    14672    24007    34242   178295   668977 |   1091109

