 <pre>

 Contingency table for Visibility (m)
 Selection: Finland     69 stations
Period: 20230101-20230131
Used {00,06,12,18} + 03 06 ... 48
 Limits    1000.0000000000000        5000.0000000000000        10000.000000000000        20000.000000000000     
 Each class is data <= limit, the very last > last limit
 Total number of values      132992
                                     OBSERVATION
                                    831     2040      879      832      652 |      5234
                                   1660    12776     7106     8415     7719 |     37676
              43h22_ref_winter      228     2243     2175     5388     8517 |     18551
                                    116      681     1004     4177    10607 |     16585
                                    520     2427     2933    14869    34197 |     54946

                    SUM            3355    20167    14097    33681    61692 |    132992
                                     OBSERVATION
                                    872     2102      944      824      601 |      5343
                                   1694    13216     7442     9135     8434 |     39921
               val_46h1_rc1_v1      317     2493     2513     6707    13012 |     25042
                                    268     1256     1826     8295    22861 |     34506
                                    204     1100     1372     8720    16784 |     28180

                    SUM            3355    20167    14097    33681    61692 |    132992
                                     OBSERVATION
                                    878     2175     1000      853      619 |      5525
                                   1664    12862     7304     8892     8210 |     38932
               val_46h1_rc1_v2      317     2606     2438     6547    12693 |     24601
                                    265     1369     1915     8592    23357 |     35498
                                    231     1155     1440     8797    16813 |     28436

                    SUM            3355    20167    14097    33681    61692 |    132992

