 <pre>

 Contingency table for Visibility (m)
 Selection: METCOOP    268 stations
Period: 20230101-20230131
Used {00,06,12,18} + 03 06 ... 48
 Limits    1000.0000000000000        5000.0000000000000        10000.000000000000        20000.000000000000     
 Each class is data <= limit, the very last > last limit
 Total number of values      468351
                                     OBSERVATION
                                   6787     8793     3972     2875     2759 |     25186
                                   7661    43430    22948    22972    30158 |    127169
              43h22_ref_winter      971     7255     6873    12401    30004 |     57504
                                    480     2754     3856     8955    41622 |     57667
                                   1905     8613    12013    32372   145922 |    200825

                    SUM           17804    70845    49662    79575   250465 |    468351
                                     OBSERVATION
                                   6696     8822     4002     2848     2568 |     24936
                                   7917    44454    23881    24369    32805 |    133426
               val_46h1_rc1_v1     1329     8481     8701    16815    49282 |     84608
                                   1016     4808     6682    17906    90188 |    120600
                                    846     4280     6396    17637    75622 |    104781

                    SUM           17804    70845    49662    79575   250465 |    468351
                                     OBSERVATION
                                   6785     8892     4020     2837     2607 |     25141
                                   7783    43779    23542    23864    31781 |    130749
               val_46h1_rc1_v2     1310     8619     8589    16529    48022 |     83069
                                   1028     5023     6921    18404    91888 |    123264
                                    898     4532     6590    17941    76167 |    106128

                    SUM           17804    70845    49662    79575   250465 |    468351

