 <pre>

 Contingency table for 3h Precipitation (mm/3h)
 Selection: METCOOP    346 stations
Period: 20230101-20230131
Used {00,06,12,18} + 03 06 ... 48
 Limits   0.10000000000000001       0.20000000000000001       0.50000000000000000        1.0000000000000000        2.0000000000000000        5.0000000000000000        10.000000000000000        15.000000000000000        20.000000000000000     
 Each class is data <= limit, the very last > last limit
 Total number of values      670054
                                                       OBSERVATION
                                 407247     9087    11448     6320     4111     1737      227       12        2        0 |    440191
                                  27913     3085     4322     2332     1452      613       91       11        2        0 |     39821
                                  33049     5099     9022     5804     3512     1568      152       19        5        0 |     58230
                                  20119     3518     8624     8231     5858     2394      210       28        3        0 |     48985
              43h22_ref_winter    13471     2032     6015     8288     9174     5012      453       46        8        0 |     44499
                                   7170      770     2389     3906     6663     9096     1549      131       22        2 |     31698
                                   1018       62      156      351      643     1896     1393      178       27        7 |      5731
                                     78        2        3       20       43      149      256      124       30        7 |       712
                                     13        0        1        2        7       16       22       52       22       12 |       147
                                      0        0        0        0        1        3        2        7        7       20 |        40

                    SUM          510078    23655    41980    35254    31464    22484     4355      608      128       48 |    670054
                                                       OBSERVATION
                                 481620    22037    38871    32547    29020    20345     3449      330       74       16 |    628309
                                   2009       45       75       35       26        8        5        4        0        0 |      2207
                                   3334      146      191      101       56       22       14       13        0        0 |      3877
                                   2926      126      265      179      134       68       13        8        2        0 |      3721
               val_46h1_rc1_v1     3519      164      298      326      254      177       46        5        2        0 |      4791
                                   5577      296      523      467      448      485      178       41        8        0 |      8023
                                   5449      416      829      662      535      410      243       60        9        3 |      8616
                                   2896      207      459      392      405      304      128       55       11        3 |      4860
                                   1256      114      232      231      231      207       67       27        9       10 |      2384
                                   1492      104      237      314      355      458      212       65       13       16 |      3266

                    SUM          510078    23655    41980    35254    31464    22484     4355      608      128       48 |    670054
                                                       OBSERVATION
                                 412030    10244    14258     8966     6924     4501      703       60       13        3 |    457702
                                  25159     2612     3545     1944     1321      533       70       13        4        0 |     35201
                                  31274     4668     7986     4978     2951     1362      162       24        4        0 |     53409
                                  19571     3329     7992     7491     5055     2075      185       27        5        0 |     45730
               val_46h1_rc1_v2    13116     1911     5680     7835     8385     4345      395       39        6        0 |     41712
                                   6811      756     2176     3541     6025     7688     1300      116       23        1 |     28437
                                   1278       76      213      336      621     1704     1233      164       16        8 |      5649
                                    351       28       51       67       97      160      256      104       30        7 |      1151
                                    244       19       41       49       36       48       25       49       18       12 |       541
                                    244       12       38       47       49       68       26       12        9       17 |       522

                    SUM          510078    23655    41980    35254    31464    22484     4355      608      128       48 |    670054

