 <pre>

 Contingency table for Rh2m (%)
 Selection: ALL   1049 stations
Period: 20230101-20230124
Used {00,06,12,18} + 03 06 ... 48
 Limits    30.000000000000000        50.000000000000000        65.000000000000000        75.000000000000000        85.000000000000000        95.000000000000000        100.00000000000000     
 Each class is data <= limit, the very last > last limit
 Total number of values     1535968
                                              OBSERVATION
                                     14       25        2       13        7        0        0        0 |        61
                                    972     2376     2474     1736     2321      804       69        0 |     10752
                                    290     3767    23165    20043    23963    10219     1307        0 |     82754
              43h22_ref_winter       20     1418    17616    34980    54546    33914     4356        0 |    146850
                                      1      286     7863    38584   121191   164943    21789        0 |    354657
                                      0       88     1705    13739   101005   372253   160907        0 |    649697
                                      0        6      123      780     9227    87266   193434        0 |    290836
                                      0        0        0        0        1       58      302        0 |       361

                    SUM            1297     7966    52948   109875   312261   669457   382164        0 |   1535968
                                              OBSERVATION
                                      5       17        1        8        0        0        0        0 |        31
                                    933     2114     2049     1489     1806      514       42        0 |      8947
                                    324     3882    22341    19257    23932     9633     1253        0 |     80622
               val_46h1_rc1_v1       34     1466    18346    35167    53033    33120     4118        0 |    145284
                                      0      390     8280    38727   120740   160600    20575        0 |    349312
                                      1       90     1804    14419   103316   374458   156546        0 |    650634
                                      0        7      127      808     9432    91079   199397        0 |    300850
                                      0        0        0        0        2       53      233        0 |       288

                    SUM            1297     7966    52948   109875   312261   669457   382164        0 |   1535968

