 <pre>

 Contingency table for Cloud cover (octas)
 Selection: Sweden    107 stations
Period: 20230101-20230131
Used {00,06,12,18} + 03 06 ... 48
 Limits   0.50000000000000000        1.5000000000000000        2.5000000000000000        3.5000000000000000        4.5000000000000000        5.5000000000000000        6.5000000000000000        7.5000000000000000     
 Each class is data <= limit, the very last > last limit
 Total number of values      203154
                                                       OBSERVATION
                                  18927     1004      619      501      451      421      413      762     7342 |     30440
                                   2486      280      243      193      180      176      205      387     1981 |      6131
                                   1494      209      134      139      129      139      104      256     1358 |      3962
                                   1161      158      109      115      104      117      111      239     1184 |      3298
              43h22_ref_winter     1023      151      127       93       78      120      115      249     1301 |      3257
                                   1000      182      122      118       93      114      157      282     1365 |      3433
                                   1294      196      157      153      107      151      148      368     1813 |      4387
                                   2088      304      234      233      187      251      275      651     3233 |      7456
                                  13877     2321     1780     2120     1796     2668     3415     8858   103955 |    140790

                    SUM           43350     4805     3525     3665     3125     4157     4943    12052   123532 |    203154
                                                       OBSERVATION
                                  20292     1326      883      744      685      633      631     1198     8826 |     35218
                                   2072      278      178      204      148      211      185      386     2181 |      5843
                                   1377      171      126       93       92      125      120      286     1380 |      3770
                                    997      129       86       80       75       88       95      204     1112 |      2866
               val_46h1_rc1_v1      892      109      111      103       75      111      102      213     1120 |      2836
                                    955      158      109       95       86      102      117      253     1146 |      3021
                                   1171      176      130      118      108      120      131      308     1522 |      3784
                                   2016      256      196      200      135      208      262      548     2674 |      6495
                                  13578     2202     1706     2028     1721     2559     3300     8656   103571 |    139321

                    SUM           43350     4805     3525     3665     3125     4157     4943    12052   123532 |    203154
                                                       OBSERVATION
                                  18369      970      610      477      446      402      396      751     6368 |     28789
                                   2505      319      223      193      163      173      193      328     1876 |      5973
                                   1565      191      141      128      121      130      131      268     1313 |      3988
                                   1226      163      125      104      111      126      114      234     1217 |      3420
               val_46h1_rc1_v2     1081      149      111       96       87      105      116      233     1200 |      3178
                                   1053      160      127      131       95      124      108      272     1345 |      3415
                                   1311      211      133      151      100      167      153      365     1705 |      4296
                                   2237      307      244      221      196      254      285      646     3210 |      7600
                                  14003     2335     1811     2164     1806     2676     3447     8955   105298 |    142495

                    SUM           43350     4805     3525     3665     3125     4157     4943    12052   123532 |    203154

