 <pre>

 Contingency table for Cloud base (m)
 Selection: Norway     39 stations
Period: 20230101-20230131
Used {00,06,12,18} + 03 06 ... 48
 Limits    70.000000000000000        150.00000000000000        300.00000000000000        600.00000000000000        1000.0000000000000        1500.0000000000000        2500.0000000000000        5000.0000000000000     
 Each class is data <= limit, the very last > last limit
 Total number of values       23829
                                                       OBSERVATION
                                    348      183      333      102       21       10        5        0        6 |      1008
                                    134      140      250       55       32        6        2        0        4 |       623
                                    124      139      724      247       49       13       20        0        5 |      1321
                                    232      173     1563      548      182       67       50        0       29 |      2844
              43h22_ref_winter      160       70     1284     1006      405      103       84        0       70 |      3182
                                     57       44      627      556      299      126      132        0       59 |      1900
                                     49       37      482      439      298      153      265        0       62 |      1785
                                     45       35      317      410      335      155      398        0      195 |      1890
                                    167      135     1242     1578     1199      562     1285        0     3108 |      9276

                    SUM            1316      956     6822     4941     2820     1195     2241        0     3538 |     23829
                                                       OBSERVATION
                                    362      190      379      115       31        8       11        0       11 |      1107
                                    128      146      262       67       25        9        0        0        4 |       641
                                    127      131      643      258       51       12        9        0       10 |      1241
                                    179      146     1252      404      109       48       47        0       15 |      2200
               val_46h1_rc1_v1      126       61     1043      702      302       61       45        0       53 |      2393
                                     82       39      658      520      235      102       91        0       34 |      1761
                                     56       50      546      470      314      128      187        0       51 |      1802
                                     60       33      435      478      361      186      449        0      214 |      2216
                                    196      160     1604     1927     1392      641     1402        0     3146 |     10468

                    SUM            1316      956     6822     4941     2820     1195     2241        0     3538 |     23829
                                                       OBSERVATION
                                    360      186      386      104       34       10        5        0       10 |      1095
                                    130      159      261       61       25        4        4        0        3 |       647
                                    117      131      724      249       44       15       15        0       12 |      1307
                                    241      159     1568      548      190       67       56        0       26 |      2855
               val_46h1_rc1_v2      156       84     1252     1018      428      122       88        0       79 |      3227
                                     60       39      676      577      311      135      149        0       64 |      2011
                                     53       37      442      454      330      156      273        0       55 |      1800
                                     51       28      318      386      300      147      395        0      182 |      1807
                                    148      133     1195     1544     1158      539     1256        0     3107 |      9080

                    SUM            1316      956     6822     4941     2820     1195     2241        0     3538 |     23829

