 <pre>

 Contingency table for Cloud base (m)
 Selection: Finland     69 stations
Period: 20230101-20230131
Used {00,06,12,18} + 03 06 ... 48
 Limits    70.000000000000000        150.00000000000000        300.00000000000000        600.00000000000000        1000.0000000000000        1500.0000000000000        2500.0000000000000        5000.0000000000000     
 Each class is data <= limit, the very last > last limit
 Total number of values       92844
                                                       OBSERVATION
                                   2293     2361      558      204       83       76       14       24       43 |      5656
                                   1211     3236     1567      244       97       62       22       36       54 |      6529
                                   1124     5243     6841     1220      387      132       51       82      155 |     15235
                                    268     2323    10201     6695     1579      444      131      173      271 |     22085
              43h22_ref_winter      124      426     1244     2369     2220      925      243      170      439 |      8160
                                     40      154      448      645      515      524      268      123      215 |      2932
                                     34      150      408      462      240      315      791      377      148 |      2925
                                    112      238      475      504      500      206      508     1525      339 |      4407
                                   1169     1467     2721     2043     2047     3587     1188     1507     9186 |     24915

                    SUM            6375    15598    24463    14386     7668     6271     3216     4017    10850 |     92844
                                                       OBSERVATION
                                   2524     2556      549      200       84       57       22       24       44 |      6060
                                   1207     3448     1833      288      134       74       37       33       79 |      7133
                                   1011     4836     6550     1167      418      175       62       92      181 |     14492
                                    280     2206     9408     5677     1246      375      108      104      256 |     19660
               val_46h1_rc1_v1      105      377     1267     2082     1658      647      153      103      275 |      6667
                                     41      178      633      774      570      419      205       82      138 |      3040
                                     39      156      492      630      336      346      669      358      113 |      3139
                                    121      293      558      826      717      298      628     1568      355 |      5364
                                   1047     1548     3173     2742     2505     3880     1332     1653     9409 |     27289

                    SUM            6375    15598    24463    14386     7668     6271     3216     4017    10850 |     92844
                                                       OBSERVATION
                                   2565     2676      593      211       70       42       19       15       35 |      6226
                                   1236     3489     1784      278      114       56       31       36       49 |      7073
                                    939     4970     7150     1315      432      159       51       92      180 |     15288
                                    234     2100     9670     6696     1632      511      145      162      284 |     21434
               val_46h1_rc1_v2      142      430     1170     2277     2112      927      259      193      454 |      7964
                                     53      167      461      615      497      500      331      122      227 |      2973
                                     50      161      400      485      226      306      751      454      199 |      3032
                                    116      233      417      479      505      181      497     1525      337 |      4290
                                   1040     1372     2818     2030     2080     3589     1132     1418     9085 |     24564

                    SUM            6375    15598    24463    14386     7668     6271     3216     4017    10850 |     92844

