 <pre>

 Contingency table for Visibility (m)
 Selection: METCOOP    264 stations
Period: 20230101-20230131
Used {00,06,12,18} + 03 06 ... 48
 Limits    1000.0000000000000        5000.0000000000000        10000.000000000000        20000.000000000000     
 Each class is data <= limit, the very last > last limit
 Total number of values      472449
                                     OBSERVATION
                                   6899     9163     3791     2729     2728 |     25310
                                   8162    45197    22192    22609    30087 |    128247
              43h22_ref_winter     1029     7834     6853    12245    30188 |     58149
                                    487     2987     3919     9053    41905 |     58351
                                   1946     9556    12164    32282   146444 |    202392

                    SUM           18523    74737    48919    78918   251352 |    472449
                                     OBSERVATION
                                   6805     9157     3847     2723     2529 |     25061
                                   8418    46364    23054    23961    32791 |    134588
               val_46h1_rc1_v1     1396     9211     8715    16643    49521 |     85486
                                   1033     5305     6820    18035    90745 |    121938
                                    871     4700     6483    17556    75766 |    105376

                    SUM           18523    74737    48919    78918   251352 |    472449

