 <pre>

 Contingency table for Visibility (m)
 Selection: ALL    718 stations
Period: 20230101-20230131
Used {00,06,12,18} + 03 06 ... 48
 Limits    1000.0000000000000        5000.0000000000000        10000.000000000000        20000.000000000000     
 Each class is data <= limit, the very last > last limit
 Total number of values     1280728
                                     OBSERVATION
                                  12112    19414     8096     5463     4092 |     49177
                                  15682   109528    70874    71052    63694 |    330830
              43h22_ref_winter     2712    27279    35775    55849    75358 |    196973
                                    873     9623    22738    44421    81395 |    159050
                                   4315    32193    69135   152391   286664 |    544698

                    SUM           35694   198037   206618   329176   511203 |   1280728
                                     OBSERVATION
                                  11933    18933     7957     5408     3746 |     47977
                                  16319   112983    74024    74555    67834 |    345715
               val_46h1_rc1_v1     4025    38625    57931    96540   139794 |    336915
                                   1837    18093    45281    90197   174985 |    330393
                                   1580     9403    21425    62476   124844 |    219728

                    SUM           35694   198037   206618   329176   511203 |   1280728
                                     OBSERVATION
                                  11917    19055     7932     5259     3789 |     47952
                                  16055   111432    73030    72955    65765 |    339237
               val_46h1_rc1_v2     4194    39207    57780    95334   137143 |    333658
                                   1865    18649    45973    92258   178421 |    337166
                                   1663     9694    21903    63370   126085 |    222715

                    SUM           35694   198037   206618   329176   511203 |   1280728

