 <pre>

 Contingency table for Visibility (m)
 Selection: Estonia     22 stations
Period: 20230101-20230131
Used {00,06,12,18} + 03 06 ... 48
 Limits    1000.0000000000000        5000.0000000000000        10000.000000000000        20000.000000000000     
 Each class is data <= limit, the very last > last limit
 Total number of values       41906
                                     OBSERVATION
                                    309     1217      441      412      216 |      2595
                                    315     2595     2483     4051     1960 |     11404
              43h22_ref_winter      104      560      708     2967     1721 |      6060
                                     31      218      316     2480     2128 |      5173
                                    206      655      878     6918     8017 |     16674

                    SUM             965     5245     4826    16828    14042 |     41906
                                     OBSERVATION
                                    319     1154      443      453      217 |      2586
                                    340     2721     2568     4354     2051 |     12034
               val_46h1_rc1_v1      177      773      991     5002     3188 |     10131
                                     72      418      554     5054     4323 |     10421
                                     57      179      270     1965     4263 |      6734

                    SUM             965     5245     4826    16828    14042 |     41906
                                     OBSERVATION
                                    274     1185      456      436      187 |      2538
                                    332     2666     2550     4270     2002 |     11820
               val_46h1_rc1_v2      224      806      997     5001     3152 |     10180
                                     76      398      545     5145     4354 |     10518
                                     59      190      278     1976     4347 |      6850

                    SUM             965     5245     4826    16828    14042 |     41906

